mlp_type: sde
lam_l2a: 0.0010
dev_types: [1, 1, 2]
dev_lams: [0.15, 0.15, 3.0]
2027
941
711
667
857
485
491
454
478
410
433
410
401
410
418
426
414
426
413
376
398
409
384
375
394
386
389
460
392
380
386
368
383
399
398
388
369
368
405
386
381
399
383
384
375
370
358
358
383
371
369
355
350
380
359
369
362
361
379
365
365
377
370
363
357
373
388
349
355
363
370
365
369
356
362
358
366
373
365
352
390
376
371
363
371
381
363
352
346
350
375
355
374
359
367
373
370
350
356
372
379
374
366
367
363
367
380
371
368
370
353
368
363
352
353
355
371
353
356
352
356
358
364
364
355
347
350
343
347
351
337
342
357
351
356
349
352
358
357
362
338
360
348
345
374
347
353
358
358
365
351
350
343
349
352
347
349
350
340
345
352
336
348
344
362
339
360
342
345
348
350
347
354
351
351
350
352
363
346
357
353
353
349
354
348
360
340
350
351
358
355
344
346
348
341
343
337
346
342
356
361
363
365
347
356
343
354
346
355
357
343
350
360
351
349
349
346
344
353
348
349
340
348
338
351
341
337
347
350
347
343
345
358
344
335
344
337
347
341
334
349
346
343
357
348
340
340
342
344
344
347
336
340
340
355
365
352
342
343
345
350
350
354
353
338
344
341
342
338
335
338
336
342
346
344
345
342
341
335
347
332
338
346
349
351
351
350
343
346
348
340
353
341
337
343
352
341
349
341
335
343
350
344
340
345
354
349
355
347
350
342
337
338
342
335
342
332
334
335
336
340
337
340
335
337
332
339
341
351
337
340
339
341
354
342
341
340
334
336
341
341
359
347
332
338
334
337
343
342
346
340
340
337
337
333
332
340
342
340
335
336
336
329
344
339
346
331
337
340
335
340
336
337
341
346
339
343
341
345
339
338
336
342
338
332
341
341
342
340
345
335
337
348
350
350
352
347
344
349
346
342
341
344
342
347
351
348
337
348
342
343
344
342
342
339
344
337
348
338
346
338
340
339
338
333
329
333
339
336
343
339
343
347
340
336
345
329
331
331
334
334
338
336
341
343
337
341
337
349
346
346
346
347
339
334
330
332
333
326
326
341
339
336
344
330
332
332
338
337
334
340
332
333
333
333
331
340
336
337
331
336
335
333
334
338
334
331
330
330
332
335
337
338
337
328
331
333
331
326
332
322
330
335
348
342
339
342
342
352
353
350
340
334
338
342
340
335
340
338
340
340
342
342
338
336
347
348
342
339
341
334
329
334
334
336
329
332
332
333
336
331
329
332
332
327
327
327
328
329
332
324
326
329
339
337
333
334
337
330
331
336
338
339
339
336
336
332
334
338
338
339
333
333
332
331
336
331
339
342
343
336
331
338
337
341
329
336
335
335
334
332
335
329
335
333
338
339
340
340
339
331
334
339
338
334
332
335
333
336
335
333
335
339
333
334
326
330
330
329
333
336
335
337
340
334
338
339
337
335
336
337
334
335
332
336
341
333
330
331
334
334
336
337
340
337
340
335
332
332
334
334
336
335
331
336
337
334
336
331
333
333
333
335
331
332
336
339
342
341
336
331
335
335
338
334
336
333
337
330
330
337
337
337
333
334
336
340
337
337
334
336
335
338
333
331
330
327
329
329
333
334
335
332
335
334
328
331
327
333
328
324
323
326
324
326
327
329
334
329
329
328
327
330
331
327
328
326
327
330
330
331
332
330
334
333
337
332
334
336
337
336
334
334
329
333
336
340
341
339
332
335
335
331
331
330
332
331
334
339
337
337
339
340
334
337
337
341
341
340
342
339
336
337
339
337
342
340
340
341
343
341
342
341
339
343
343
341
338
339
340
341
342
