mlp_type: dev
lam_l2a: 0.0010
dev_types: [1, 1, 2]
dev_lams: [0.1, 0.1, 2.0]
30.89 10.96 10.96 2.0407 0.9122 0.9122
9.40 6.91 6.91 0.7159 0.4846 0.4846
6.43 4.74 4.74 0.4585 0.3297 0.3297
4.57 3.60 3.60 0.3271 0.2441 0.2441
3.48 2.84 2.84 0.2516 0.2017 0.2017
2.83 2.39 2.39 0.2042 0.1783 0.1783
2.30 2.16 2.16 0.1720 0.1581 0.1581
2.08 2.04 2.04 0.1502 0.1522 0.1522
1.79 2.07 2.07 0.1330 0.1509 0.1509
1.60 1.95 1.95 0.1200 0.1349 0.1349
1.49 2.02 2.02 0.1099 0.1361 0.1361
1.37 1.67 1.67 0.1013 0.1227 0.1227
1.26 1.84 1.84 0.0940 0.1296 0.1296
1.12 1.76 1.76 0.0861 0.1240 0.1240
1.05 1.64 1.64 0.0796 0.1196 0.1196
0.98 1.72 1.72 0.0747 0.1236 0.1236
0.93 1.63 1.63 0.0705 0.1108 0.1108
0.87 1.66 1.66 0.0670 0.1182 0.1182
0.82 1.71 1.71 0.0625 0.1150 0.1150
0.80 1.55 1.55 0.0597 0.1139 0.1139
0.73 1.70 1.70 0.0560 0.1176 0.1176
0.68 1.57 1.57 0.0538 0.1156 0.1156
0.69 1.54 1.54 0.0518 0.1202 0.1202
0.66 1.56 1.56 0.0497 0.1146 0.1146
0.59 1.60 1.60 0.0464 0.1184 0.1184
0.58 1.46 1.46 0.0445 0.1068 0.1068
0.55 1.39 1.39 0.0427 0.1150 0.1150
0.52 1.46 1.46 0.0407 0.1128 0.1128
0.52 1.45 1.45 0.0395 0.1142 0.1142
0.49 1.47 1.47 0.0381 0.1162 0.1162
0.50 1.43 1.43 0.0371 0.1131 0.1131
0.44 1.52 1.52 0.0349 0.1169 0.1169
0.42 1.45 1.45 0.0344 0.1146 0.1146
0.40 1.44 1.44 0.0335 0.1180 0.1180
0.42 1.48 1.48 0.0330 0.1212 0.1212
0.39 1.40 1.40 0.0309 0.1155 0.1155
0.38 1.55 1.55 0.0302 0.1274 0.1274
0.36 1.41 1.41 0.0301 0.1166 0.1166
0.33 1.42 1.42 0.0284 0.1112 0.1112
0.35 1.38 1.38 0.0287 0.1177 0.1177
0.34 1.37 1.37 0.0273 0.1103 0.1103
0.30 1.35 1.35 0.0254 0.1173 0.1173
0.30 1.46 1.46 0.0249 0.1201 0.1201
0.29 1.44 1.44 0.0244 0.1174 0.1174
0.29 1.34 1.34 0.0243 0.1218 0.1218
0.30 1.32 1.32 0.0240 0.1196 0.1196
0.29 1.35 1.35 0.0239 0.1224 0.1224
0.27 1.30 1.30 0.0228 0.1150 0.1150
0.23 1.31 1.31 0.0214 0.1118 0.1118
0.24 1.32 1.32 0.0217 0.1117 0.1117
0.26 1.36 1.36 0.0214 0.1188 0.1188
0.27 1.37 1.37 0.0218 0.1178 0.1178
0.24 1.41 1.41 0.0211 0.1258 0.1258
0.24 1.34 1.34 0.0200 0.1161 0.1161
0.22 1.34 1.34 0.0195 0.1210 0.1210
0.21 1.31 1.31 0.0186 0.1245 0.1245
0.20 1.32 1.32 0.0185 0.1230 0.1230
0.21 1.39 1.39 0.0175 0.1328 0.1328
0.20 1.41 1.41 0.0181 0.1215 0.1215
0.21 1.38 1.38 0.0177 0.1269 0.1269
0.20 1.28 1.28 0.0172 0.1210 0.1210
0.19 1.35 1.35 0.0169 0.1201 0.1201
0.18 1.38 1.38 0.0157 0.1233 0.1233
0.18 1.29 1.29 0.0164 0.1325 0.1325
0.18 1.29 1.29 0.0154 0.1241 0.1241
0.18 1.24 1.24 0.0156 0.1207 0.1207
0.15 1.28 1.28 0.0149 0.1250 0.1250
0.16 1.17 1.17 0.0144 0.1154 0.1154
0.15 1.29 1.29 0.0141 0.1183 0.1183
0.16 1.38 1.38 0.0139 0.1284 0.1284
0.17 1.30 1.30 0.0145 0.1251 0.1251
0.17 1.35 1.35 0.0150 0.1243 0.1243
0.15 1.29 1.29 0.0139 0.1141 0.1141
0.12 1.33 1.33 0.0127 0.1218 0.1218
0.15 1.27 1.27 0.0139 0.1198 0.1198
0.14 1.24 1.24 0.0134 0.1270 0.1270
0.13 1.25 1.25 0.0126 0.1336 0.1336
0.13 1.35 1.35 0.0123 0.1210 0.1210
0.14 1.25 1.25 0.0123 0.1227 0.1227
0.15 1.29 1.29 0.0133 0.1222 0.1222
0.14 1.25 1.25 0.0124 0.1207 0.1207
0.12 1.27 1.27 0.0121 0.1311 0.1311
0.14 1.26 1.26 0.0124 0.1234 0.1234
0.12 1.27 1.27 0.0117 0.1272 0.1272
0.12 1.40 1.40 0.0118 0.1349 0.1349
0.14 1.32 1.32 0.0118 0.1296 0.1296
0.11 1.26 1.26 0.0112 0.1266 0.1266
0.13 1.32 1.32 0.0111 0.1271 0.1271
0.12 1.30 1.30 0.0106 0.1282 0.1282
0.12 1.31 1.31 0.0111 0.1336 0.1336
0.11 1.24 1.24 0.0100 0.1387 0.1387
0.11 1.21 1.21 0.0103 0.1382 0.1382
0.12 1.32 1.32 0.0110 0.1238 0.1238
0.11 1.27 1.27 0.0105 0.1255 0.1255
0.10 1.28 1.28 0.0097 0.1352 0.1352
0.12 1.26 1.26 0.0110 0.1288 0.1288
0.11 1.29 1.29 0.0105 0.1297 0.1297
0.10 1.30 1.30 0.0096 0.1161 0.1161
0.08 1.28 1.28 0.0094 0.1432 0.1432
0.09 1.26 1.26 0.0097 0.1416 0.1416
0.11 1.28 1.28 0.0104 0.1308 0.1308
0.10 1.27 1.27 0.0102 0.1386 0.1386
0.10 1.38 1.38 0.0096 0.1407 0.1407
0.07 1.22 1.22 0.0090 0.1327 0.1327
0.10 1.16 1.16 0.0090 0.1148 0.1148
0.10 1.19 1.19 0.0090 0.1287 0.1287
0.11 1.23 1.23 0.0092 0.1263 0.1263
0.09 1.26 1.26 0.0094 0.1313 0.1313
0.07 1.24 1.24 0.0090 0.1290 0.1290
0.08 1.24 1.24 0.0085 0.1266 0.1266
0.09 1.26 1.26 0.0087 0.1404 0.1404
0.09 1.31 1.31 0.0094 0.1373 0.1373
0.08 1.33 1.33 0.0087 0.1425 0.1425
0.10 1.27 1.27 0.0089 0.1376 0.1376
0.09 1.26 1.26 0.0082 0.1396 0.1396
0.08 1.14 1.14 0.0086 0.1288 0.1288
0.09 1.24 1.24 0.0088 0.1441 0.1441
0.07 1.23 1.23 0.0081 0.1248 0.1248
0.07 1.31 1.31 0.0079 0.1376 0.1376
0.09 1.30 1.30 0.0082 0.1253 0.1253
0.10 1.31 1.31 0.0087 0.1365 0.1365
0.09 1.27 1.27 0.0081 0.1305 0.1305
0.08 1.25 1.25 0.0081 0.1250 0.1250
0.07 1.22 1.22 0.0071 0.1263 0.1263
0.06 1.27 1.27 0.0069 0.1285 0.1285
0.07 1.32 1.32 0.0073 0.1328 0.1328
0.09 1.28 1.28 0.0078 0.1333 0.1333
0.07 1.27 1.27 0.0070 0.1394 0.1394
0.07 1.26 1.26 0.0067 0.1364 0.1364
0.08 1.26 1.26 0.0078 0.1395 0.1395
0.07 1.18 1.18 0.0068 0.1350 0.1350
0.06 1.21 1.21 0.0065 0.1275 0.1275
0.08 1.26 1.26 0.0077 0.1337 0.1337
0.08 1.16 1.16 0.0077 0.1384 0.1384
0.08 1.23 1.23 0.0076 0.1279 0.1279
0.07 1.27 1.27 0.0072 0.1381 0.1381
0.07 1.25 1.25 0.0074 0.1368 0.1368
0.06 1.30 1.30 0.0068 0.1326 0.1326
0.08 1.28 1.28 0.0073 0.1283 0.1283
0.08 1.30 1.30 0.0074 0.1332 0.1332
0.05 1.33 1.33 0.0061 0.1513 0.1513
0.08 1.29 1.29 0.0069 0.1396 0.1396
0.06 1.25 1.25 0.0066 0.1321 0.1321
0.06 1.38 1.38 0.0071 0.1445 0.1445
0.06 1.33 1.33 0.0062 0.1450 0.1450
0.07 1.21 1.21 0.0067 0.1394 0.1394
0.04 1.24 1.24 0.0056 0.1263 0.1263
0.06 1.22 1.22 0.0066 0.1382 0.1382
0.06 1.16 1.16 0.0063 0.1318 0.1318
0.07 1.28 1.28 0.0063 0.1379 0.1379
0.06 1.26 1.26 0.0066 0.1260 0.1260
0.06 1.24 1.24 0.0061 0.1410 0.1410
0.06 1.26 1.26 0.0062 0.1345 0.1345
0.05 1.38 1.38 0.0058 0.1350 0.1350
0.05 1.23 1.23 0.0057 0.1379 0.1379
0.06 1.23 1.23 0.0058 0.1345 0.1345
0.06 1.13 1.13 0.0057 0.1273 0.1273
0.06 1.27 1.27 0.0055 0.1414 0.1414
0.04 1.31 1.31 0.0055 0.1408 0.1408
0.05 1.22 1.22 0.0060 0.1405 0.1405
0.07 1.28 1.28 0.0058 0.1336 0.1336
0.06 1.23 1.23 0.0058 0.1375 0.1375
0.06 1.21 1.21 0.0057 0.1296 0.1296
0.06 1.19 1.19 0.0057 0.1307 0.1307
0.05 1.16 1.16 0.0054 0.1378 0.1378
0.05 1.19 1.19 0.0057 0.1396 0.1396
0.05 1.16 1.16 0.0054 0.1472 0.1472
0.06 1.27 1.27 0.0058 0.1400 0.1400
0.06 1.26 1.26 0.0054 0.1386 0.1386
0.06 1.17 1.17 0.0055 0.1402 0.1402
0.04 1.11 1.11 0.0051 0.1376 0.1376
0.06 1.27 1.27 0.0050 0.1558 0.1558
0.05 1.20 1.20 0.0049 0.1331 0.1331
0.06 1.21 1.21 0.0051 0.1489 0.1489
0.05 1.17 1.17 0.0049 0.1284 0.1284
0.06 1.18 1.18 0.0057 0.1406 0.1406
0.05 1.26 1.26 0.0051 0.1386 0.1386
0.05 1.27 1.27 0.0052 0.1416 0.1416
0.05 1.19 1.19 0.0052 0.1242 0.1242
0.05 1.20 1.20 0.0050 0.1402 0.1402
0.05 1.15 1.15 0.0051 0.1396 0.1396
0.05 1.32 1.32 0.0052 0.1389 0.1389
0.05 1.39 1.39 0.0055 0.1515 0.1515
0.05 1.29 1.29 0.0054 0.1503 0.1503
0.04 1.23 1.23 0.0052 0.1496 0.1496
0.05 1.19 1.19 0.0052 0.1525 0.1525
0.05 1.19 1.19 0.0048 0.1423 0.1423
0.04 1.19 1.19 0.0045 0.1281 0.1281
0.06 1.32 1.32 0.0050 0.1400 0.1400
0.05 1.28 1.28 0.0051 0.1429 0.1429
0.04 1.19 1.19 0.0047 0.1324 0.1324
0.06 1.38 1.38 0.0052 0.1412 0.1412
0.04 1.19 1.19 0.0046 0.1409 0.1409
0.04 1.24 1.24 0.0043 0.1518 0.1518
0.04 1.20 1.20 0.0047 0.1469 0.1469
0.06 1.25 1.25 0.0053 0.1314 0.1314
0.04 1.24 1.24 0.0044 0.1517 0.1517
0.04 1.29 1.29 0.0049 0.1518 0.1518
0.04 1.21 1.21 0.0048 0.1387 0.1387
0.03 1.26 1.26 0.0042 0.1372 0.1372
0.05 1.24 1.24 0.0047 0.1304 0.1304
0.05 1.24 1.24 0.0047 0.1303 0.1303
0.03 1.23 1.23 0.0038 0.1549 0.1549
0.04 1.25 1.25 0.0043 0.1380 0.1380
0.05 1.23 1.23 0.0044 0.1457 0.1457
0.07 1.24 1.24 0.0051 0.1401 0.1401
0.04 1.27 1.27 0.0045 0.1389 0.1389
0.04 1.28 1.28 0.0040 0.1293 0.1293
0.04 1.30 1.30 0.0045 0.1530 0.1530
0.04 1.25 1.25 0.0043 0.1530 0.1530
0.04 1.22 1.22 0.0043 0.1489 0.1489
0.03 1.25 1.25 0.0038 0.1539 0.1539
0.04 1.21 1.21 0.0041 0.1415 0.1415
0.04 1.18 1.18 0.0039 0.1385 0.1385
0.04 1.30 1.30 0.0043 0.1359 0.1359
0.04 1.22 1.22 0.0044 0.1425 0.1425
0.04 1.23 1.23 0.0039 0.1475 0.1475
0.04 1.30 1.30 0.0044 0.1433 0.1433
0.03 1.33 1.33 0.0042 0.1380 0.1380
0.04 1.22 1.22 0.0041 0.1325 0.1325
0.04 1.13 1.13 0.0038 0.1313 0.1313
0.03 1.18 1.18 0.0039 0.1480 0.1480
0.04 1.21 1.21 0.0038 0.1508 0.1508
0.04 1.18 1.18 0.0039 0.1404 0.1404
0.04 1.22 1.22 0.0043 0.1455 0.1455
0.06 1.15 1.15 0.0044 0.1460 0.1460
0.03 1.15 1.15 0.0037 0.1348 0.1348
0.05 1.29 1.29 0.0042 0.1506 0.1506
0.03 1.18 1.18 0.0037 0.1433 0.1433
0.04 1.25 1.25 0.0037 0.1440 0.1440
0.03 1.23 1.23 0.0043 0.1351 0.1351
0.04 1.21 1.21 0.0039 0.1543 0.1543
0.03 1.17 1.17 0.0039 0.1464 0.1464
0.03 1.16 1.16 0.0040 0.1357 0.1357
0.03 1.16 1.16 0.0036 0.1524 0.1524
0.04 1.15 1.15 0.0037 0.1449 0.1449
0.03 1.23 1.23 0.0035 0.1368 0.1368
0.02 1.16 1.16 0.0036 0.1491 0.1491
0.04 1.20 1.20 0.0036 0.1369 0.1369
0.04 1.23 1.23 0.0036 0.1498 0.1498
0.02 1.25 1.25 0.0032 0.1464 0.1464
0.04 1.25 1.25 0.0036 0.1544 0.1544
0.04 1.25 1.25 0.0037 0.1449 0.1449
0.03 1.26 1.26 0.0031 0.1449 0.1449
0.03 1.30 1.30 0.0032 0.1490 0.1490
0.03 1.20 1.20 0.0033 0.1487 0.1487
0.03 1.21 1.21 0.0032 0.1509 0.1509
0.02 1.11 1.11 0.0032 0.1322 0.1322
0.04 1.20 1.20 0.0036 0.1404 0.1404
0.03 1.27 1.27 0.0032 0.1458 0.1458
0.03 1.29 1.29 0.0037 0.1534 0.1534
0.03 1.29 1.29 0.0030 0.1523 0.1523
0.03 1.17 1.17 0.0033 0.1494 0.1494
0.03 1.27 1.27 0.0032 0.1614 0.1614
0.02 1.28 1.28 0.0030 0.1668 0.1668
0.03 1.25 1.25 0.0031 0.1567 0.1567
0.03 1.19 1.19 0.0035 0.1475 0.1475
0.03 1.29 1.29 0.0032 0.1662 0.1662
0.03 1.13 1.13 0.0033 0.1545 0.1545
0.03 1.25 1.25 0.0033 0.1410 0.1410
0.03 1.20 1.20 0.0032 0.1384 0.1384
0.03 1.22 1.22 0.0029 0.1567 0.1567
0.03 1.17 1.17 0.0034 0.1418 0.1418
0.03 1.14 1.14 0.0032 0.1390 0.1390
0.03 1.20 1.20 0.0035 0.1480 0.1480
0.02 1.12 1.12 0.0031 0.1454 0.1454
0.03 1.22 1.22 0.0029 0.1431 0.1431
0.03 1.13 1.13 0.0030 0.1449 0.1449
0.03 1.24 1.24 0.0027 0.1497 0.1497
0.04 1.13 1.13 0.0032 0.1535 0.1535
0.03 1.15 1.15 0.0030 0.1441 0.1441
0.03 1.19 1.19 0.0031 0.1495 0.1495
0.03 1.16 1.16 0.0031 0.1443 0.1443
0.03 1.22 1.22 0.0026 0.1400 0.1400
0.03 1.22 1.22 0.0030 0.1463 0.1463
0.03 1.20 1.20 0.0032 0.1557 0.1557
0.03 1.22 1.22 0.0033 0.1547 0.1547
0.02 1.29 1.29 0.0030 0.1468 0.1468
0.02 1.17 1.17 0.0028 0.1563 0.1563
0.02 1.26 1.26 0.0025 0.1476 0.1476
0.02 1.26 1.26 0.0030 0.1543 0.1543
0.03 1.22 1.22 0.0028 0.1490 0.1490
0.02 1.18 1.18 0.0027 0.1543 0.1543
0.02 1.12 1.12 0.0027 0.1440 0.1440
0.02 1.13 1.13 0.0028 0.1507 0.1507
0.02 1.14 1.14 0.0028 0.1458 0.1458
0.02 1.08 1.08 0.0024 0.1419 0.1419
0.04 1.15 1.15 0.0030 0.1436 0.1436
0.02 1.17 1.17 0.0024 0.1500 0.1500
0.02 1.11 1.11 0.0027 0.1401 0.1401
0.02 1.10 1.10 0.0027 0.1394 0.1394
0.03 1.09 1.09 0.0029 0.1515 0.1515
0.01 1.10 1.10 0.0023 0.1457 0.1457
0.02 1.14 1.14 0.0022 0.1456 0.1456
0.03 1.12 1.12 0.0028 0.1508 0.1508
0.02 1.14 1.14 0.0024 0.1471 0.1471
0.02 1.20 1.20 0.0024 0.1463 0.1463
0.01 1.16 1.16 0.0023 0.1527 0.1527
0.02 1.18 1.18 0.0024 0.1438 0.1438
0.02 1.22 1.22 0.0022 0.1434 0.1434
0.01 1.19 1.19 0.0022 0.1431 0.1431
0.02 1.28 1.28 0.0024 0.1488 0.1488
0.02 1.20 1.20 0.0025 0.1479 0.1479
0.02 1.19 1.19 0.0024 0.1434 0.1434
0.02 1.14 1.14 0.0028 0.1493 0.1493
0.01 1.20 1.20 0.0023 0.1475 0.1475
0.02 1.19 1.19 0.0021 0.1414 0.1414
0.01 1.15 1.15 0.0023 0.1336 0.1336
0.02 1.19 1.19 0.0023 0.1339 0.1339
0.02 1.27 1.27 0.0024 0.1479 0.1479
0.01 1.19 1.19 0.0020 0.1535 0.1535
0.03 1.16 1.16 0.0025 0.1520 0.1520
0.02 1.31 1.31 0.0022 0.1501 0.1501
0.01 1.22 1.22 0.0021 0.1529 0.1529
0.02 1.18 1.18 0.0023 0.1569 0.1569
0.02 1.23 1.23 0.0021 0.1644 0.1644
0.01 1.26 1.26 0.0021 0.1594 0.1594
0.02 1.27 1.27 0.0023 0.1541 0.1541
0.02 1.20 1.20 0.0020 0.1437 0.1437
0.01 1.24 1.24 0.0020 0.1533 0.1533
0.01 1.21 1.21 0.0019 0.1562 0.1562
0.01 1.17 1.17 0.0021 0.1520 0.1520
0.02 1.17 1.17 0.0021 0.1431 0.1431
0.01 1.17 1.17 0.0022 0.1579 0.1579
0.02 1.13 1.13 0.0024 0.1424 0.1424
0.01 1.21 1.21 0.0021 0.1681 0.1681
0.02 1.14 1.14 0.0023 0.1498 0.1498
0.02 1.27 1.27 0.0021 0.1537 0.1537
0.01 1.17 1.17 0.0020 0.1463 0.1463
0.02 1.15 1.15 0.0021 0.1505 0.1505
0.02 1.32 1.32 0.0021 0.1684 0.1684
0.02 1.22 1.22 0.0021 0.1640 0.1640
0.02 1.22 1.22 0.0022 0.1684 0.1684
0.02 1.15 1.15 0.0021 0.1472 0.1472
0.02 1.21 1.21 0.0019 0.1507 0.1507
0.01 1.15 1.15 0.0019 0.1571 0.1571
0.02 1.14 1.14 0.0022 0.1499 0.1499
0.02 1.11 1.11 0.0020 0.1597 0.1597
0.02 1.16 1.16 0.0020 0.1479 0.1479
0.01 1.15 1.15 0.0020 0.1529 0.1529
0.02 1.19 1.19 0.0021 0.1492 0.1492
0.02 1.18 1.18 0.0022 0.1578 0.1578
0.02 1.23 1.23 0.0022 0.1515 0.1515
0.01 1.16 1.16 0.0019 0.1578 0.1578
0.01 1.21 1.21 0.0019 0.1580 0.1580
0.01 1.21 1.21 0.0020 0.1574 0.1574
0.01 1.23 1.23 0.0019 0.1570 0.1570
0.01 1.25 1.25 0.0019 0.1556 0.1556
0.02 1.16 1.16 0.0020 0.1537 0.1537
0.01 1.23 1.23 0.0019 0.1497 0.1497
0.02 1.10 1.10 0.0020 0.1483 0.1483
0.01 1.16 1.16 0.0016 0.1468 0.1468
0.01 1.09 1.09 0.0017 0.1507 0.1507
0.01 1.17 1.17 0.0017 0.1519 0.1519
0.01 1.10 1.10 0.0018 0.1498 0.1498
0.01 1.18 1.18 0.0017 0.1518 0.1518
0.01 1.09 1.09 0.0016 0.1572 0.1572
0.01 1.14 1.14 0.0016 0.1499 0.1499
0.01 1.26 1.26 0.0019 0.1570 0.1570
0.02 1.15 1.15 0.0019 0.1589 0.1589
0.01 1.19 1.19 0.0016 0.1539 0.1539
0.01 1.16 1.16 0.0015 0.1555 0.1555
0.02 1.14 1.14 0.0018 0.1466 0.1466
0.01 1.13 1.13 0.0017 0.1590 0.1590
0.01 1.18 1.18 0.0017 0.1611 0.1611
0.01 1.14 1.14 0.0017 0.1532 0.1532
0.02 1.21 1.21 0.0019 0.1542 0.1542
0.02 1.17 1.17 0.0019 0.1636 0.1636
0.01 1.14 1.14 0.0014 0.1442 0.1442
0.01 1.16 1.16 0.0016 0.1487 0.1487
0.01 1.14 1.14 0.0014 0.1464 0.1464
0.01 1.08 1.08 0.0015 0.1503 0.1503
0.01 1.14 1.14 0.0014 0.1481 0.1481
0.02 1.15 1.15 0.0015 0.1594 0.1594
0.01 1.15 1.15 0.0015 0.1460 0.1460
0.02 1.12 1.12 0.0016 0.1553 0.1553
0.01 1.14 1.14 0.0017 0.1497 0.1497
0.01 1.20 1.20 0.0017 0.1642 0.1642
0.01 1.16 1.16 0.0014 0.1584 0.1584
0.02 1.03 1.03 0.0018 0.1507 0.1507
0.01 1.16 1.16 0.0014 0.1609 0.1609
0.02 1.14 1.14 0.0016 0.1522 0.1522
0.01 1.11 1.11 0.0016 0.1583 0.1583
0.01 1.15 1.15 0.0015 0.1657 0.1657
0.01 1.15 1.15 0.0016 0.1525 0.1525
0.01 1.11 1.11 0.0013 0.1727 0.1727
0.02 1.20 1.20 0.0017 0.1639 0.1639
0.01 1.10 1.10 0.0017 0.1527 0.1527
0.01 1.11 1.11 0.0017 0.1518 0.1518
0.01 1.18 1.18 0.0017 0.1579 0.1579
0.01 1.19 1.19 0.0014 0.1555 0.1555
0.01 1.16 1.16 0.0016 0.1541 0.1541
0.01 1.19 1.19 0.0017 0.1543 0.1543
0.02 1.18 1.18 0.0016 0.1501 0.1501
0.01 1.16 1.16 0.0016 0.1524 0.1524
0.01 1.21 1.21 0.0016 0.1565 0.1565
0.01 1.12 1.12 0.0016 0.1502 0.1502
0.01 1.19 1.19 0.0016 0.1528 0.1528
0.01 1.30 1.30 0.0016 0.1640 0.1640
0.01 1.13 1.13 0.0016 0.1568 0.1568
0.01 1.18 1.18 0.0014 0.1516 0.1516
0.02 1.24 1.24 0.0016 0.1559 0.1559
0.02 1.19 1.19 0.0015 0.1417 0.1417
0.01 1.17 1.17 0.0016 0.1516 0.1516
0.02 1.15 1.15 0.0015 0.1470 0.1470
0.01 1.21 1.21 0.0015 0.1590 0.1590
0.01 1.17 1.17 0.0014 0.1552 0.1552
0.02 1.22 1.22 0.0014 0.1666 0.1666
0.01 1.20 1.20 0.0013 0.1616 0.1616
0.01 1.14 1.14 0.0014 0.1542 0.1542
0.01 1.17 1.17 0.0011 0.1454 0.1454
0.01 1.28 1.28 0.0012 0.1667 0.1667
0.01 1.23 1.23 0.0013 0.1670 0.1670
0.01 1.22 1.22 0.0012 0.1599 0.1599
0.01 1.25 1.25 0.0015 0.1690 0.1690
0.01 1.19 1.19 0.0014 0.1650 0.1650
0.01 1.20 1.20 0.0012 0.1573 0.1573
0.01 1.20 1.20 0.0012 0.1538 0.1538
0.01 1.25 1.25 0.0011 0.1589 0.1589
0.01 1.23 1.23 0.0012 0.1473 0.1473
0.01 1.15 1.15 0.0010 0.1447 0.1447
0.01 1.11 1.11 0.0011 0.1553 0.1553
0.01 1.28 1.28 0.0011 0.1588 0.1588
0.01 1.22 1.22 0.0013 0.1625 0.1625
0.01 1.21 1.21 0.0013 0.1651 0.1651
0.02 1.16 1.16 0.0016 0.1571 0.1571
0.02 1.18 1.18 0.0016 0.1586 0.1586
0.01 1.14 1.14 0.0013 0.1535 0.1535
0.01 1.07 1.07 0.0015 0.1533 0.1533
0.01 1.20 1.20 0.0012 0.1729 0.1729
0.01 1.15 1.15 0.0011 0.1714 0.1714
0.01 1.21 1.21 0.0013 0.1592 0.1592
0.01 1.25 1.25 0.0014 0.1631 0.1631
0.02 1.16 1.16 0.0013 0.1627 0.1627
0.01 1.20 1.20 0.0012 0.1702 0.1702
0.01 1.16 1.16 0.0013 0.1657 0.1657
0.01 1.15 1.15 0.0012 0.1606 0.1606
0.02 1.13 1.13 0.0012 0.1645 0.1645
0.01 1.11 1.11 0.0010 0.1510 0.1510
0.01 1.23 1.23 0.0011 0.1620 0.1620
0.01 1.15 1.15 0.0012 0.1596 0.1596
0.01 1.15 1.15 0.0011 0.1533 0.1533
0.01 1.23 1.23 0.0012 0.1507 0.1507
0.01 1.10 1.10 0.0011 0.1450 0.1450
0.01 1.16 1.16 0.0012 0.1498 0.1498
0.01 1.16 1.16 0.0012 0.1604 0.1604
0.01 1.14 1.14 0.0012 0.1484 0.1484
0.01 1.22 1.22 0.0012 0.1628 0.1628
0.01 1.10 1.10 0.0013 0.1548 0.1548
0.01 1.07 1.07 0.0013 0.1518 0.1518
0.01 1.13 1.13 0.0013 0.1546 0.1546
0.01 1.12 1.12 0.0012 0.1535 0.1535
0.01 1.20 1.20 0.0013 0.1618 0.1618
0.01 1.14 1.14 0.0010 0.1558 0.1558
0.01 1.15 1.15 0.0013 0.1561 0.1561
0.00 1.10 1.10 0.0009 0.1575 0.1575
0.01 1.07 1.07 0.0011 0.1458 0.1458
0.01 1.15 1.15 0.0012 0.1564 0.1564
0.01 1.12 1.12 0.0012 0.1645 0.1645
0.01 1.06 1.06 0.0011 0.1652 0.1652
0.01 1.12 1.12 0.0012 0.1597 0.1597
0.01 1.20 1.20 0.0010 0.1660 0.1660
0.01 1.14 1.14 0.0011 0.1654 0.1654
0.01 1.10 1.10 0.0008 0.1581 0.1581
0.01 1.14 1.14 0.0008 0.1657 0.1657
0.01 1.13 1.13 0.0012 0.1794 0.1794
0.01 1.12 1.12 0.0010 0.1658 0.1658
0.01 1.17 1.17 0.0009 0.1677 0.1677
0.01 1.16 1.16 0.0009 0.1730 0.1730
0.01 1.19 1.19 0.0011 0.1620 0.1620
0.01 1.10 1.10 0.0009 0.1612 0.1612
0.01 1.10 1.10 0.0011 0.1765 0.1765
0.01 1.06 1.06 0.0010 0.1608 0.1608
0.01 1.14 1.14 0.0010 0.1558 0.1558
0.01 1.18 1.18 0.0009 0.1541 0.1541
0.01 1.15 1.15 0.0008 0.1558 0.1558
0.01 1.19 1.19 0.0010 0.1663 0.1663
0.01 1.23 1.23 0.0010 0.1647 0.1647
0.01 1.15 1.15 0.0008 0.1678 0.1678
0.00 1.10 1.10 0.0008 0.1682 0.1682
0.02 1.16 1.16 0.0012 0.1770 0.1770
0.01 1.13 1.13 0.0008 0.1720 0.1720
0.01 1.07 1.07 0.0010 0.1515 0.1515
0.01 1.12 1.12 0.0009 0.1722 0.1722
0.01 1.07 1.07 0.0010 0.1627 0.1627
0.01 1.18 1.18 0.0010 0.1739 0.1739
0.01 1.19 1.19 0.0010 0.1719 0.1719
0.01 1.12 1.12 0.0010 0.1694 0.1694
0.01 1.11 1.11 0.0009 0.1707 0.1707
0.01 1.18 1.18 0.0007 0.1652 0.1652
0.01 1.17 1.17 0.0008 0.1692 0.1692
0.00 1.20 1.20 0.0008 0.1725 0.1725
0.01 1.15 1.15 0.0009 0.1679 0.1679
0.01 1.16 1.16 0.0008 0.1739 0.1739
0.00 1.14 1.14 0.0010 0.1668 0.1668
0.01 1.18 1.18 0.0009 0.1683 0.1683
0.01 1.10 1.10 0.0010 0.1581 0.1581
0.01 1.09 1.09 0.0010 0.1659 0.1659
0.01 1.09 1.09 0.0010 0.1678 0.1678
0.01 1.07 1.07 0.0010 0.1715 0.1715
0.01 1.05 1.05 0.0012 0.1719 0.1719
0.01 1.07 1.07 0.0010 0.1708 0.1708
0.01 1.18 1.18 0.0007 0.1752 0.1752
0.01 1.05 1.05 0.0009 0.1626 0.1626
0.01 1.10 1.10 0.0009 0.1617 0.1617
0.01 1.07 1.07 0.0008 0.1663 0.1663
0.01 1.14 1.14 0.0007 0.1674 0.1674
0.01 1.10 1.10 0.0008 0.1663 0.1663
0.01 1.15 1.15 0.0010 0.1631 0.1631
0.01 1.19 1.19 0.0008 0.1694 0.1694
0.01 1.17 1.17 0.0009 0.1696 0.1696
0.01 1.16 1.16 0.0008 0.1759 0.1759
0.01 1.16 1.16 0.0010 0.1628 0.1628
0.01 1.11 1.11 0.0009 0.1734 0.1734
0.01 1.21 1.21 0.0008 0.1692 0.1692
0.00 1.13 1.13 0.0009 0.1653 0.1653
0.01 1.15 1.15 0.0008 0.1678 0.1678
0.01 1.18 1.18 0.0007 0.1753 0.1753
0.01 1.10 1.10 0.0009 0.1725 0.1725
0.01 1.07 1.07 0.0007 0.1681 0.1681
0.00 1.12 1.12 0.0006 0.1676 0.1676
0.01 1.17 1.17 0.0008 0.1680 0.1680
0.01 1.06 1.06 0.0010 0.1612 0.1612
0.01 1.06 1.06 0.0010 0.1723 0.1723
0.00 1.15 1.15 0.0007 0.1608 0.1608
0.01 1.08 1.08 0.0009 0.1542 0.1542
0.00 1.05 1.05 0.0007 0.1588 0.1588
0.01 1.09 1.09 0.0008 0.1632 0.1632
0.01 1.06 1.06 0.0008 0.1579 0.1579
0.01 1.11 1.11 0.0007 0.1645 0.1645
0.01 1.17 1.17 0.0006 0.1646 0.1646
0.01 1.14 1.14 0.0010 0.1574 0.1574
0.01 1.15 1.15 0.0008 0.1685 0.1685
0.00 1.15 1.15 0.0006 0.1779 0.1779
0.00 1.13 1.13 0.0006 0.1684 0.1684
0.01 1.22 1.22 0.0006 0.1720 0.1720
0.01 1.11 1.11 0.0008 0.1637 0.1637
0.01 1.14 1.14 0.0007 0.1657 0.1657
0.00 1.17 1.17 0.0007 0.1638 0.1638
0.01 1.11 1.11 0.0009 0.1673 0.1673
0.01 1.19 1.19 0.0009 0.1780 0.1780
0.01 1.09 1.09 0.0009 0.1697 0.1697
0.01 1.13 1.13 0.0009 0.1675 0.1675
0.01 1.17 1.17 0.0007 0.1700 0.1700
0.01 1.18 1.18 0.0006 0.1721 0.1721
0.00 1.16 1.16 0.0006 0.1639 0.1639
0.01 1.13 1.13 0.0007 0.1725 0.1725
0.00 1.18 1.18 0.0007 0.1712 0.1712
0.01 1.19 1.19 0.0007 0.1685 0.1685
0.01 1.16 1.16 0.0007 0.1633 0.1633
0.00 1.18 1.18 0.0007 0.1637 0.1637
0.01 1.22 1.22 0.0008 0.1739 0.1739
0.00 1.16 1.16 0.0006 0.1746 0.1746
0.01 1.14 1.14 0.0009 0.1736 0.1736
0.01 1.17 1.17 0.0007 0.1706 0.1706
0.01 1.11 1.11 0.0007 0.1589 0.1589
0.01 1.13 1.13 0.0006 0.1599 0.1599
0.01 1.14 1.14 0.0007 0.1556 0.1556
0.01 1.21 1.21 0.0007 0.1648 0.1648
0.00 1.16 1.16 0.0006 0.1555 0.1555
0.01 1.18 1.18 0.0007 0.1573 0.1573
0.00 1.10 1.10 0.0007 0.1488 0.1488
0.00 1.17 1.17 0.0006 0.1536 0.1536
0.01 1.08 1.08 0.0006 0.1522 0.1522
0.01 1.16 1.16 0.0007 0.1549 0.1549
0.00 1.09 1.09 0.0007 0.1625 0.1625
0.01 1.16 1.16 0.0007 0.1634 0.1634
0.01 1.15 1.15 0.0007 0.1607 0.1607
0.01 1.08 1.08 0.0006 0.1601 0.1601
0.01 1.10 1.10 0.0008 0.1636 0.1636
0.01 1.12 1.12 0.0007 0.1641 0.1641
0.01 1.14 1.14 0.0006 0.1538 0.1538
0.00 1.22 1.22 0.0006 0.1569 0.1569
0.01 1.09 1.09 0.0008 0.1482 0.1482
0.01 1.10 1.10 0.0008 0.1580 0.1580
0.01 1.09 1.09 0.0009 0.1552 0.1552
0.01 1.03 1.03 0.0008 0.1467 0.1467
0.01 1.11 1.11 0.0007 0.1562 0.1562
0.01 1.16 1.16 0.0008 0.1561 0.1561
0.01 1.17 1.17 0.0007 0.1733 0.1733
0.01 1.16 1.16 0.0006 0.1610 0.1610
0.01 1.11 1.11 0.0006 0.1639 0.1639
0.01 1.13 1.13 0.0007 0.1651 0.1651
0.00 1.16 1.16 0.0006 0.1657 0.1657
0.00 1.09 1.09 0.0005 0.1535 0.1535
0.01 1.17 1.17 0.0007 0.1636 0.1636
0.01 1.12 1.12 0.0006 0.1703 0.1703
0.01 1.17 1.17 0.0007 0.1630 0.1630
0.01 1.07 1.07 0.0007 0.1569 0.1569
0.01 1.09 1.09 0.0006 0.1644 0.1644
0.01 1.11 1.11 0.0006 0.1678 0.1678
0.01 1.12 1.12 0.0006 0.1645 0.1645
0.01 1.14 1.14 0.0006 0.1677 0.1677
0.01 1.17 1.17 0.0006 0.1717 0.1717
0.01 1.13 1.13 0.0006 0.1689 0.1689
0.00 1.15 1.15 0.0005 0.1650 0.1650
0.01 1.13 1.13 0.0007 0.1553 0.1553
0.01 1.15 1.15 0.0006 0.1578 0.1578
0.00 1.10 1.10 0.0006 0.1601 0.1601
0.00 1.09 1.09 0.0005 0.1700 0.1700
0.01 1.10 1.10 0.0006 0.1667 0.1667
0.00 1.12 1.12 0.0006 0.1619 0.1619
0.01 1.11 1.11 0.0005 0.1603 0.1603
0.00 1.05 1.05 0.0006 0.1579 0.1579
0.00 1.04 1.04 0.0004 0.1606 0.1606
0.00 1.16 1.16 0.0006 0.1654 0.1654
0.01 1.11 1.11 0.0006 0.1682 0.1682
0.01 1.14 1.14 0.0005 0.1682 0.1682
0.00 1.14 1.14 0.0005 0.1733 0.1733
0.01 1.07 1.07 0.0007 0.1680 0.1680
0.01 1.14 1.14 0.0005 0.1648 0.1648
0.01 1.12 1.12 0.0007 0.1653 0.1653
0.01 1.23 1.23 0.0006 0.1732 0.1732
0.00 1.15 1.15 0.0005 0.1646 0.1646
0.01 1.26 1.26 0.0005 0.1627 0.1627
0.00 1.17 1.17 0.0005 0.1687 0.1687
0.01 1.18 1.18 0.0007 0.1607 0.1607
0.01 1.20 1.20 0.0006 0.1737 0.1737
0.01 1.12 1.12 0.0005 0.1724 0.1724
0.01 1.10 1.10 0.0004 0.1638 0.1638
0.01 1.13 1.13 0.0005 0.1673 0.1673
0.01 1.09 1.09 0.0006 0.1707 0.1707
0.01 1.05 1.05 0.0006 0.1574 0.1574
0.01 1.16 1.16 0.0006 0.1688 0.1688
0.00 1.19 1.19 0.0005 0.1729 0.1729
0.00 1.18 1.18 0.0004 0.1711 0.1711
0.00 1.08 1.08 0.0005 0.1644 0.1644
0.01 1.09 1.09 0.0005 0.1605 0.1605
0.00 1.09 1.09 0.0005 0.1658 0.1658
0.01 1.07 1.07 0.0006 0.1557 0.1557
0.01 1.06 1.06 0.0005 0.1478 0.1478
0.00 1.01 1.01 0.0005 0.1565 0.1565
0.00 1.09 1.09 0.0005 0.1603 0.1603
0.00 1.16 1.16 0.0005 0.1622 0.1622
0.00 1.09 1.09 0.0004 0.1596 0.1596
0.00 1.06 1.06 0.0005 0.1585 0.1585
0.00 1.08 1.08 0.0004 0.1685 0.1685
0.00 1.09 1.09 0.0003 0.1742 0.1742
0.01 1.07 1.07 0.0006 0.1674 0.1674
0.00 1.11 1.11 0.0005 0.1685 0.1685
0.00 1.08 1.08 0.0005 0.1571 0.1571
0.01 1.15 1.15 0.0004 0.1604 0.1604
0.00 1.07 1.07 0.0004 0.1489 0.1489
0.00 1.08 1.08 0.0005 0.1669 0.1669
0.01 1.14 1.14 0.0006 0.1568 0.1568
0.00 1.19 1.19 0.0004 0.1729 0.1729
0.00 1.08 1.08 0.0005 0.1678 0.1678
0.01 1.16 1.16 0.0005 0.1696 0.1696
0.00 1.04 1.04 0.0005 0.1662 0.1662
0.00 1.15 1.15 0.0004 0.1675 0.1675
0.00 1.11 1.11 0.0004 0.1569 0.1569
0.01 1.12 1.12 0.0004 0.1609 0.1609
0.00 1.09 1.09 0.0006 0.1627 0.1627
0.01 1.09 1.09 0.0005 0.1596 0.1596
0.01 1.16 1.16 0.0006 0.1637 0.1637
0.00 1.10 1.10 0.0005 0.1578 0.1578
0.00 1.12 1.12 0.0004 0.1599 0.1599
0.00 1.15 1.15 0.0005 0.1579 0.1579
0.01 1.12 1.12 0.0006 0.1589 0.1589
0.01 1.16 1.16 0.0004 0.1673 0.1673
0.01 1.12 1.12 0.0005 0.1642 0.1642
0.00 1.11 1.11 0.0004 0.1625 0.1625
0.01 1.08 1.08 0.0005 0.1569 0.1569
0.00 1.15 1.15 0.0004 0.1661 0.1661
0.00 1.12 1.12 0.0005 0.1659 0.1659
0.01 1.13 1.13 0.0005 0.1730 0.1730
0.01 1.11 1.11 0.0005 0.1739 0.1739
0.00 1.13 1.13 0.0004 0.1720 0.1720
0.00 1.18 1.18 0.0004 0.1701 0.1701
0.00 1.14 1.14 0.0004 0.1748 0.1748
0.00 1.00 1.00 0.0003 0.1582 0.1582
0.00 1.06 1.06 0.0004 0.1634 0.1634
0.00 1.11 1.11 0.0004 0.1655 0.1655
0.01 1.18 1.18 0.0005 0.1761 0.1761
0.01 1.09 1.09 0.0005 0.1681 0.1681
0.00 1.17 1.17 0.0004 0.1699 0.1699
0.00 1.18 1.18 0.0004 0.1708 0.1708
0.00 1.16 1.16 0.0004 0.1669 0.1669
0.00 1.17 1.17 0.0004 0.1680 0.1680
0.00 1.13 1.13 0.0004 0.1653 0.1653
0.00 1.15 1.15 0.0005 0.1589 0.1589
0.00 1.15 1.15 0.0004 0.1680 0.1680
0.01 1.10 1.10 0.0005 0.1662 0.1662
0.00 1.04 1.04 0.0004 0.1707 0.1707
0.00 1.08 1.08 0.0004 0.1636 0.1636
0.00 1.11 1.11 0.0004 0.1641 0.1641
0.00 1.18 1.18 0.0005 0.1701 0.1701
0.01 1.10 1.10 0.0004 0.1689 0.1689
0.00 1.09 1.09 0.0004 0.1688 0.1688
0.00 1.07 1.07 0.0003 0.1738 0.1738
0.01 1.13 1.13 0.0004 0.1818 0.1818
0.00 1.17 1.17 0.0004 0.1718 0.1718
0.00 1.09 1.09 0.0003 0.1746 0.1746
0.00 1.11 1.11 0.0004 0.1828 0.1828
0.00 1.14 1.14 0.0005 0.1715 0.1715
0.00 1.07 1.07 0.0003 0.1705 0.1705
0.00 1.12 1.12 0.0004 0.1822 0.1822
0.00 1.12 1.12 0.0004 0.1796 0.1796
0.00 1.04 1.04 0.0004 0.1668 0.1668
0.00 1.06 1.06 0.0005 0.1613 0.1613
0.01 1.05 1.05 0.0004 0.1613 0.1613
0.01 1.08 1.08 0.0004 0.1596 0.1596
0.01 1.11 1.11 0.0005 0.1574 0.1574
0.00 1.08 1.08 0.0003 0.1633 0.1633
0.01 1.16 1.16 0.0004 0.1696 0.1696
0.00 1.20 1.20 0.0003 0.1698 0.1698
0.00 1.09 1.09 0.0003 0.1672 0.1672
0.00 1.09 1.09 0.0003 0.1658 0.1658
0.01 1.13 1.13 0.0003 0.1716 0.1716
0.00 1.08 1.08 0.0003 0.1631 0.1631
0.00 1.08 1.08 0.0004 0.1609 0.1609
0.01 1.06 1.06 0.0004 0.1681 0.1681
0.01 1.12 1.12 0.0004 0.1726 0.1726
0.00 1.15 1.15 0.0004 0.1667 0.1667
0.00 1.14 1.14 0.0003 0.1644 0.1644
0.00 1.04 1.04 0.0004 0.1589 0.1589
0.00 1.11 1.11 0.0003 0.1591 0.1591
0.01 1.07 1.07 0.0004 0.1560 0.1560
0.01 1.17 1.17 0.0004 0.1610 0.1610
0.00 1.08 1.08 0.0004 0.1612 0.1612
0.01 1.15 1.15 0.0004 0.1724 0.1724
0.00 1.17 1.17 0.0003 0.1658 0.1658
0.01 1.09 1.09 0.0004 0.1678 0.1678
0.00 1.06 1.06 0.0003 0.1647 0.1647
0.00 1.11 1.11 0.0003 0.1606 0.1606
0.00 1.06 1.06 0.0003 0.1655 0.1655
0.00 1.11 1.11 0.0003 0.1679 0.1679
0.00 1.17 1.17 0.0003 0.1755 0.1755
0.00 1.23 1.23 0.0003 0.1787 0.1787
0.00 1.12 1.12 0.0003 0.1645 0.1645
0.00 1.12 1.12 0.0003 0.1672 0.1672
0.00 1.17 1.17 0.0003 0.1617 0.1617
0.00 1.15 1.15 0.0003 0.1696 0.1696
0.00 1.13 1.13 0.0003 0.1695 0.1695
0.00 1.11 1.11 0.0003 0.1788 0.1788
0.00 1.17 1.17 0.0003 0.1704 0.1704
0.00 1.10 1.10 0.0002 0.1603 0.1603
0.00 1.15 1.15 0.0003 0.1665 0.1665
0.00 1.15 1.15 0.0003 0.1685 0.1685
0.00 1.13 1.13 0.0003 0.1698 0.1698
0.00 1.10 1.10 0.0003 0.1667 0.1667
0.01 1.11 1.11 0.0003 0.1722 0.1722
0.00 1.11 1.11 0.0004 0.1707 0.1707
0.00 1.09 1.09 0.0003 0.1644 0.1644
0.00 1.12 1.12 0.0003 0.1642 0.1642
0.00 1.13 1.13 0.0003 0.1724 0.1724
0.00 1.15 1.15 0.0003 0.1679 0.1679
0.00 1.16 1.16 0.0004 0.1628 0.1628
0.00 1.13 1.13 0.0003 0.1593 0.1593
0.00 1.15 1.15 0.0003 0.1700 0.1700
0.00 1.12 1.12 0.0003 0.1727 0.1727
0.00 1.07 1.07 0.0003 0.1725 0.1725
0.01 1.10 1.10 0.0004 0.1741 0.1741
0.00 1.10 1.10 0.0003 0.1824 0.1824
0.00 1.16 1.16 0.0003 0.1799 0.1799
0.00 1.10 1.10 0.0002 0.1701 0.1701
0.00 1.10 1.10 0.0004 0.1690 0.1690
0.00 1.09 1.09 0.0003 0.1696 0.1696
0.00 1.15 1.15 0.0003 0.1660 0.1660
0.00 1.14 1.14 0.0003 0.1718 0.1718
0.00 1.06 1.06 0.0003 0.1690 0.1690
0.00 1.10 1.10 0.0003 0.1713 0.1713
0.00 1.02 1.02 0.0003 0.1614 0.1614
0.00 1.04 1.04 0.0002 0.1668 0.1668
0.00 1.16 1.16 0.0002 0.1729 0.1729
0.01 1.12 1.12 0.0004 0.1702 0.1702
0.00 1.11 1.11 0.0004 0.1702 0.1702
0.00 1.03 1.03 0.0003 0.1655 0.1655
0.00 1.05 1.05 0.0003 0.1690 0.1690
0.00 1.08 1.08 0.0003 0.1697 0.1697
0.00 1.18 1.18 0.0004 0.1699 0.1699
0.00 1.14 1.14 0.0003 0.1669 0.1669
0.00 1.13 1.13 0.0004 0.1711 0.1711
0.01 1.16 1.16 0.0004 0.1621 0.1621
0.00 1.11 1.11 0.0003 0.1689 0.1689
0.00 1.07 1.07 0.0003 0.1665 0.1665
0.01 1.13 1.13 0.0004 0.1619 0.1619
0.00 1.10 1.10 0.0003 0.1666 0.1666
0.00 1.18 1.18 0.0003 0.1692 0.1692
0.00 1.13 1.13 0.0003 0.1679 0.1679
0.00 1.15 1.15 0.0003 0.1695 0.1695
0.00 1.14 1.14 0.0003 0.1677 0.1677
0.00 1.13 1.13 0.0003 0.1646 0.1646
0.00 1.14 1.14 0.0003 0.1732 0.1732
0.00 1.13 1.13 0.0003 0.1684 0.1684
0.00 1.13 1.13 0.0003 0.1679 0.1679
0.00 1.13 1.13 0.0003 0.1661 0.1661
0.00 1.17 1.17 0.0003 0.1647 0.1647
0.00 1.10 1.10 0.0003 0.1612 0.1612
0.00 1.06 1.06 0.0003 0.1697 0.1697
0.00 1.13 1.13 0.0002 0.1721 0.1721
0.00 1.18 1.18 0.0003 0.1679 0.1679
0.01 1.10 1.10 0.0004 0.1650 0.1650
0.00 1.19 1.19 0.0002 0.1701 0.1701
0.00 1.17 1.17 0.0003 0.1710 0.1710
0.00 1.16 1.16 0.0003 0.1722 0.1722
0.00 1.17 1.17 0.0003 0.1625 0.1625
0.00 1.10 1.10 0.0003 0.1673 0.1673
0.01 1.11 1.11 0.0004 0.1622 0.1622
0.01 1.16 1.16 0.0004 0.1673 0.1673
0.00 1.07 1.07 0.0003 0.1686 0.1686
0.00 1.14 1.14 0.0003 0.1690 0.1690
0.00 1.14 1.14 0.0003 0.1741 0.1741
0.00 1.12 1.12 0.0003 0.1726 0.1726
0.01 1.11 1.11 0.0004 0.1674 0.1674
0.01 1.16 1.16 0.0003 0.1620 0.1620
0.00 1.12 1.12 0.0003 0.1701 0.1701
0.00 1.07 1.07 0.0002 0.1677 0.1677
0.00 1.12 1.12 0.0003 0.1653 0.1653
0.00 1.14 1.14 0.0003 0.1648 0.1648
0.00 1.09 1.09 0.0002 0.1653 0.1653
0.00 1.09 1.09 0.0003 0.1666 0.1666
0.00 1.10 1.10 0.0003 0.1687 0.1687
0.00 1.17 1.17 0.0003 0.1735 0.1735
0.00 1.08 1.08 0.0003 0.1725 0.1725
0.00 1.15 1.15 0.0002 0.1719 0.1719
0.00 1.14 1.14 0.0003 0.1725 0.1725
0.00 1.12 1.12 0.0003 0.1663 0.1663
0.01 1.11 1.11 0.0003 0.1702 0.1702
0.01 1.15 1.15 0.0004 0.1690 0.1690
0.00 1.12 1.12 0.0002 0.1693 0.1693
0.00 1.13 1.13 0.0002 0.1740 0.1740
0.00 1.11 1.11 0.0002 0.1715 0.1715
0.00 1.17 1.17 0.0002 0.1712 0.1712
0.00 1.15 1.15 0.0002 0.1639 0.1639
0.00 1.11 1.11 0.0002 0.1662 0.1662
0.00 1.09 1.09 0.0003 0.1667 0.1667
0.00 1.12 1.12 0.0003 0.1692 0.1692
0.00 1.14 1.14 0.0003 0.1648 0.1648
0.00 1.18 1.18 0.0002 0.1673 0.1673
0.00 1.13 1.13 0.0002 0.1673 0.1673
0.00 1.10 1.10 0.0003 0.1660 0.1660
0.00 1.12 1.12 0.0002 0.1666 0.1666
0.00 1.11 1.11 0.0002 0.1610 0.1610
0.00 1.07 1.07 0.0002 0.1656 0.1656
0.00 1.12 1.12 0.0002 0.1623 0.1623
0.00 1.10 1.10 0.0002 0.1574 0.1574
0.00 1.09 1.09 0.0002 0.1636 0.1636
0.00 1.09 1.09 0.0003 0.1699 0.1699
0.00 1.14 1.14 0.0003 0.1648 0.1648
0.00 1.12 1.12 0.0002 0.1651 0.1651
0.00 1.08 1.08 0.0002 0.1650 0.1650
0.00 1.12 1.12 0.0003 0.1660 0.1660
0.00 1.11 1.11 0.0002 0.1687 0.1687
0.00 1.14 1.14 0.0002 0.1658 0.1658
0.00 1.13 1.13 0.0002 0.1653 0.1653
0.00 1.08 1.08 0.0002 0.1635 0.1635
0.00 1.12 1.12 0.0002 0.1640 0.1640
0.00 1.11 1.11 0.0002 0.1673 0.1673
0.00 1.11 1.11 0.0002 0.1712 0.1712
0.00 1.14 1.14 0.0002 0.1696 0.1696
0.00 1.14 1.14 0.0002 0.1735 0.1735
0.00 1.14 1.14 0.0002 0.1643 0.1643
0.00 1.08 1.08 0.0002 0.1670 0.1670
0.00 1.09 1.09 0.0002 0.1772 0.1772
0.00 1.09 1.09 0.0002 0.1695 0.1695
0.00 1.09 1.09 0.0002 0.1704 0.1704
0.00 1.11 1.11 0.0002 0.1678 0.1678
0.00 1.11 1.11 0.0003 0.1659 0.1659
0.00 1.13 1.13 0.0002 0.1665 0.1665
0.00 1.09 1.09 0.0002 0.1627 0.1627
0.00 1.10 1.10 0.0002 0.1657 0.1657
0.00 1.08 1.08 0.0003 0.1712 0.1712
0.00 1.04 1.04 0.0002 0.1739 0.1739
0.00 1.13 1.13 0.0003 0.1707 0.1707
0.00 1.07 1.07 0.0002 0.1623 0.1623
0.00 1.14 1.14 0.0002 0.1667 0.1667
0.00 1.15 1.15 0.0002 0.1722 0.1722
0.00 1.09 1.09 0.0002 0.1726 0.1726
0.00 1.12 1.12 0.0002 0.1633 0.1633
0.00 1.07 1.07 0.0002 0.1644 0.1644
0.00 1.13 1.13 0.0003 0.1643 0.1643
0.00 1.10 1.10 0.0002 0.1694 0.1694
0.00 1.13 1.13 0.0002 0.1703 0.1703
0.00 1.16 1.16 0.0002 0.1693 0.1693
0.00 1.13 1.13 0.0002 0.1734 0.1734
0.00 1.09 1.09 0.0003 0.1717 0.1717
0.00 1.13 1.13 0.0003 0.1656 0.1656
0.00 1.10 1.10 0.0003 0.1701 0.1701
0.00 1.11 1.11 0.0002 0.1692 0.1692
0.00 1.07 1.07 0.0002 0.1700 0.1700
0.00 1.08 1.08 0.0002 0.1606 0.1606
0.00 1.15 1.15 0.0002 0.1722 0.1722
0.00 1.17 1.17 0.0002 0.1646 0.1646
0.00 1.11 1.11 0.0002 0.1602 0.1602
0.00 1.11 1.11 0.0002 0.1659 0.1659
0.00 1.17 1.17 0.0003 0.1659 0.1659
0.00 1.12 1.12 0.0002 0.1565 0.1565
0.00 1.11 1.11 0.0002 0.1648 0.1648
0.00 1.14 1.14 0.0002 0.1622 0.1622
0.00 1.17 1.17 0.0002 0.1622 0.1622
0.00 1.14 1.14 0.0002 0.1655 0.1655
0.00 1.19 1.19 0.0002 0.1694 0.1694
0.00 1.14 1.14 0.0002 0.1607 0.1607
0.00 1.14 1.14 0.0002 0.1661 0.1661
0.00 1.15 1.15 0.0003 0.1659 0.1659
0.00 1.16 1.16 0.0002 0.1665 0.1665
0.01 1.09 1.09 0.0002 0.1692 0.1692
0.00 1.11 1.11 0.0003 0.1688 0.1688
0.00 1.16 1.16 0.0001 0.1706 0.1706
0.00 1.12 1.12 0.0002 0.1657 0.1657
0.00 1.11 1.11 0.0001 0.1741 0.1741
0.00 1.14 1.14 0.0002 0.1665 0.1665
0.00 1.11 1.11 0.0002 0.1640 0.1640
0.00 1.07 1.07 0.0002 0.1584 0.1584
0.00 1.06 1.06 0.0002 0.1593 0.1593
0.00 1.12 1.12 0.0002 0.1612 0.1612
0.00 1.11 1.11 0.0002 0.1633 0.1633
0.00 1.05 1.05 0.0002 0.1613 0.1613
0.00 1.11 1.11 0.0002 0.1698 0.1698
0.00 1.13 1.13 0.0002 0.1669 0.1669
0.00 1.15 1.15 0.0002 0.1652 0.1652
0.00 1.10 1.10 0.0002 0.1641 0.1641
0.00 1.15 1.15 0.0002 0.1635 0.1635
0.00 1.12 1.12 0.0002 0.1702 0.1702
0.00 1.11 1.11 0.0002 0.1624 0.1624
0.00 1.09 1.09 0.0002 0.1672 0.1672
0.00 1.15 1.15 0.0002 0.1670 0.1670
0.00 1.16 1.16 0.0002 0.1657 0.1657
0.00 1.16 1.16 0.0002 0.1673 0.1673
0.00 1.16 1.16 0.0002 0.1722 0.1722
0.00 1.12 1.12 0.0002 0.1692 0.1692
0.00 1.17 1.17 0.0002 0.1725 0.1725
0.00 1.14 1.14 0.0002 0.1693 0.1693
0.00 1.18 1.18 0.0002 0.1677 0.1677
0.00 1.18 1.18 0.0001 0.1621 0.1621
0.00 1.10 1.10 0.0002 0.1652 0.1652
0.00 1.10 1.10 0.0002 0.1687 0.1687
0.00 1.10 1.10 0.0002 0.1686 0.1686
0.00 1.06 1.06 0.0002 0.1651 0.1651
0.00 1.13 1.13 0.0001 0.1668 0.1668
0.00 1.13 1.13 0.0002 0.1641 0.1641
0.00 1.14 1.14 0.0002 0.1668 0.1668
0.00 1.11 1.11 0.0002 0.1707 0.1707
0.00 1.14 1.14 0.0002 0.1692 0.1692
0.00 1.13 1.13 0.0002 0.1704 0.1704
0.00 1.14 1.14 0.0002 0.1761 0.1761
0.00 1.14 1.14 0.0002 0.1749 0.1749
0.00 1.14 1.14 0.0002 0.1691 0.1691
0.00 1.16 1.16 0.0002 0.1705 0.1705
0.00 1.12 1.12 0.0002 0.1663 0.1663
0.00 1.14 1.14 0.0002 0.1626 0.1626
0.00 1.13 1.13 0.0002 0.1637 0.1637
0.00 1.15 1.15 0.0002 0.1654 0.1654
0.00 1.17 1.17 0.0002 0.1709 0.1709
0.00 1.19 1.19 0.0002 0.1680 0.1680
0.00 1.11 1.11 0.0002 0.1676 0.1676
0.00 1.12 1.12 0.0001 0.1653 0.1653
0.00 1.16 1.16 0.0002 0.1653 0.1653
0.00 1.14 1.14 0.0002 0.1705 0.1705
0.00 1.12 1.12 0.0002 0.1709 0.1709
0.00 1.12 1.12 0.0002 0.1665 0.1665
0.00 1.14 1.14 0.0002 0.1721 0.1721
0.00 1.19 1.19 0.0002 0.1723 0.1723
0.00 1.16 1.16 0.0002 0.1703 0.1703
0.00 1.15 1.15 0.0002 0.1705 0.1705
0.00 1.14 1.14 0.0002 0.1702 0.1702
0.00 1.09 1.09 0.0002 0.1682 0.1682
0.00 1.11 1.11 0.0002 0.1677 0.1677
0.00 1.17 1.17 0.0002 0.1693 0.1693
0.00 1.12 1.12 0.0002 0.1684 0.1684
0.00 1.17 1.17 0.0002 0.1661 0.1661
0.00 1.13 1.13 0.0002 0.1729 0.1729
0.00 1.15 1.15 0.0002 0.1729 0.1729
0.00 1.12 1.12 0.0002 0.1674 0.1674
0.00 1.14 1.14 0.0002 0.1716 0.1716
0.00 1.19 1.19 0.0001 0.1721 0.1721
0.00 1.11 1.11 0.0002 0.1725 0.1725
0.00 1.14 1.14 0.0002 0.1742 0.1742
0.00 1.12 1.12 0.0001 0.1657 0.1657
0.00 1.11 1.11 0.0002 0.1593 0.1593
0.00 1.15 1.15 0.0001 0.1621 0.1621
0.00 1.15 1.15 0.0001 0.1639 0.1639
0.00 1.18 1.18 0.0002 0.1712 0.1712
0.00 1.12 1.12 0.0002 0.1682 0.1682
0.00 1.15 1.15 0.0001 0.1697 0.1697
0.00 1.16 1.16 0.0002 0.1739 0.1739
0.00 1.12 1.12 0.0002 0.1675 0.1675
0.00 1.09 1.09 0.0002 0.1626 0.1626
0.00 1.11 1.11 0.0001 0.1620 0.1620
0.00 1.14 1.14 0.0001 0.1698 0.1698
0.00 1.14 1.14 0.0002 0.1664 0.1664
0.00 1.18 1.18 0.0001 0.1640 0.1640
0.00 1.10 1.10 0.0001 0.1668 0.1668
0.00 1.14 1.14 0.0001 0.1646 0.1646
0.00 1.10 1.10 0.0002 0.1677 0.1677
0.00 1.11 1.11 0.0001 0.1676 0.1676
0.00 1.10 1.10 0.0002 0.1679 0.1679
0.00 1.09 1.09 0.0002 0.1709 0.1709
0.00 1.09 1.09 0.0001 0.1697 0.1697
0.00 1.07 1.07 0.0001 0.1693 0.1693
0.00 1.08 1.08 0.0001 0.1641 0.1641
0.00 1.06 1.06 0.0001 0.1664 0.1664
0.00 1.08 1.08 0.0001 0.1644 0.1644
0.00 1.15 1.15 0.0002 0.1660 0.1660
0.00 1.17 1.17 0.0001 0.1667 0.1667
0.00 1.16 1.16 0.0001 0.1694 0.1694
0.00 1.12 1.12 0.0002 0.1657 0.1657
0.00 1.14 1.14 0.0002 0.1729 0.1729
0.00 1.12 1.12 0.0001 0.1695 0.1695
