mlp_type: sde
lam_l2a: 0.0010
dev_types: [1, 1, 2]
dev_lams: [0.1, 0.1, 2.0]
2162
972
722
625
559
495
488
487
446
430
454
461
454
495
409
437
439
422
421
409
430
424
440
408
397
392
393
403
411
410
392
393
378
385
418
409
414
432
394
371
388
381
388
379
375
401
382
386
373
383
392
387
377
381
382
388
375
367
393
379
372
379
380
365
361
370
367
368
371
378
377
375
382
369
361
386
386
365
386
367
376
367
370
363
363
368
378
353
369
381
375
358
352
371
363
364
357
355
350
341
341
342
349
350
369
350
383
362
362
362
361
367
367
362
359
369
353
347
360
355
349
361
360
346
357
351
352
342
350
350
350
365
365
351
357
345
358
351
337
340
332
361
362
347
350
339
353
342
362
351
353
346
361
363
379
360
343
364
340
347
361
337
344
341
347
348
356
367
342
358
347
364
347
343
345
352
357
357
356
348
358
344
338
348
350
345
363
343
344
345
356
346
351
353
356
357
348
348
345
340
348
340
338
337
343
345
338
351
343
343
353
348
349
355
346
351
343
349
335
347
341
333
329
351
330
357
349
350
345
347
355
351
352
340
357
336
339
350
340
342
332
334
352
349
340
344
340
350
339
336
349
347
338
343
337
325
334
334
333
329
322
342
354
336
345
340
330
340
337
326
332
335
340
338
333
334
335
334
332
332
331
331
331
334
327
329
341
333
334
344
350
348
342
327
334
339
332
339
350
342
348
343
338
336
343
340
339
340
341
337
347
340
332
325
342
343
341
342
343
347
344
338
341
344
341
324
329
329
330
336
333
328
329
328
334
336
339
344
333
335
329
335
332
325
330
330
330
335
334
331
340
322
334
341
338
346
344
349
333
334
344
335
326
334
332
343
345
339
337
349
343
338
331
331
330
329
319
330
333
330
324
326
322
326
332
333
331
328
330
329
331
326
325
324
330
332
327
334
325
322
319
328
331
330
330
332
330
331
329
341
324
326
324
320
323
329
327
326
336
326
331
334
332
332
334
327
331
332
325
325
333
326
325
328
330
332
323
325
323
332
327
326
327
328
324
327
333
328
322
329
320
322
328
326
321
329
331
327
326
319
325
321
320
324
332
330
319
324
320
327
324
327
326
324
320
324
326
325
324
321
325
324
325
322
322
324
327
317
329
328
334
323
322
319
323
325
326
328
325
331
325
333
326
325
323
321
328
325
331
326
324
329
324
331
331
327
326
317
320
316
321
322
321
325
322
320
319
321
329
321
323
326
331
327
322
325
323
316
319
321
322
324
319
318
317
319
317
322
321
322
320
325
330
332
332
325
330
326
326
317
322
325
324
324
320
318
327
323
321
319
316
321
327
325
326
319
322
321
318
319
320
317
317
316
319
322
321
323
321
329
338
338
336
336
337
336
329
331
329
333
329
331
331
329
325
331
332
333
326
322
322
325
323
329
334
332
326
330
333
326
326
322
324
323
324
324
332
325
320
321
328
326
329
327
328
329
328
327
327
328
326
330
333
327
327
329
330
334
329
329
330
332
331
335
330
333
334
331
331
338
332
324
323
326
326
321
323
324
322
320
322
320
321
324
326
334
335
331
331
330
332
337
335
330
328
330
335
334
334
335
340
336
334
335
332
333
333
328
329
327
325
333
329
328
331
328
324
322
322
325
327
323
326
325
323
324
325
321
326
326
325
325
321
323
314
320
323
324
320
318
321
324
323
324
325
324
326
325
327
327
328
329
326
327
333
331
334
330
323
324
322
