mlp_type: dev
lam_l2a: 0.0010
dev_types: [1, 1, 2]
dev_lams: [0.1, 0.1, 2.0]
79.76 52.42 53.61 3.8514 3.5101 3.5144
47.27 26.59 27.39 2.9545 1.9563 1.9817
13.84 12.86 13.12 1.3326 0.9804 1.0161
3.14 10.65 10.94 0.4549 0.8030 0.8356
0.60 9.30 9.49 0.1762 0.7713 0.8223
0.10 8.56 8.76 0.0799 0.7137 0.7717
0.04 8.24 8.31 0.0481 0.7297 0.7824
0.00 7.81 7.84 0.0281 0.6800 0.7231
0.00 7.46 7.28 0.0214 0.6603 0.6925
0.00 7.09 7.12 0.0158 0.6564 0.6868
0.00 6.76 6.96 0.0133 0.6335 0.6794
0.00 6.55 6.60 0.0105 0.6038 0.6418
0.00 6.62 7.16 0.0104 0.6218 0.6753
0.00 6.17 6.53 0.0093 0.5750 0.6237
0.00 6.30 6.54 0.0065 0.5837 0.6351
0.00 5.97 6.26 0.0057 0.5484 0.5961
0.00 5.92 6.07 0.0054 0.5664 0.5967
0.00 6.11 6.52 0.0056 0.5792 0.6282
0.00 5.79 6.14 0.0042 0.5575 0.6153
0.00 5.85 5.95 0.0036 0.5694 0.6035
0.00 5.60 5.90 0.0033 0.5375 0.5883
0.00 5.67 5.96 0.0036 0.5397 0.5846
0.00 5.54 5.81 0.0029 0.5099 0.5470
0.00 5.34 5.85 0.0031 0.5052 0.5646
0.00 5.19 5.76 0.0025 0.4948 0.5492
0.00 5.29 5.55 0.0022 0.4987 0.5406
0.00 5.07 5.50 0.0015 0.4856 0.5367
0.00 5.13 5.53 0.0017 0.4894 0.5261
0.00 4.88 5.45 0.0014 0.4680 0.5105
0.00 5.12 5.54 0.0014 0.4817 0.5224
0.00 5.07 5.56 0.0010 0.5027 0.5558
0.00 5.11 5.42 0.0015 0.4793 0.5259
0.00 4.88 5.30 0.0014 0.4652 0.5186
0.00 4.83 5.31 0.0011 0.4495 0.4959
0.00 4.70 5.20 0.0014 0.4524 0.5000
0.00 4.95 5.26 0.0010 0.4882 0.5215
0.00 4.81 5.26 0.0009 0.4550 0.4908
0.00 4.68 5.13 0.0009 0.4603 0.5052
0.00 4.79 5.39 0.0010 0.4758 0.5155
0.00 4.70 5.18 0.0009 0.4545 0.5006
0.00 4.88 5.13 0.0008 0.4499 0.4985
0.00 4.56 4.92 0.0009 0.4452 0.4782
0.00 4.82 5.02 0.0008 0.4556 0.4949
0.00 4.61 5.16 0.0008 0.4576 0.5010
0.00 4.71 5.05 0.0008 0.4557 0.5056
0.00 4.53 5.09 0.0006 0.4457 0.4940
0.00 4.62 5.04 0.0008 0.4357 0.4820
0.00 4.61 5.12 0.0005 0.4413 0.4842
0.00 4.45 4.98 0.0004 0.4320 0.4729
0.00 4.45 4.82 0.0005 0.4478 0.4873
0.00 4.51 4.86 0.0005 0.4345 0.4784
0.00 4.34 4.95 0.0005 0.4406 0.4898
0.00 4.49 5.02 0.0004 0.4349 0.4744
0.00 4.35 4.78 0.0004 0.4204 0.4611
0.00 4.50 4.91 0.0004 0.4303 0.4721
0.00 4.33 4.83 0.0004 0.4204 0.4530
0.00 4.39 4.76 0.0003 0.4161 0.4569
0.00 4.41 4.83 0.0004 0.4138 0.4581
0.00 4.33 4.60 0.0004 0.4026 0.4372
0.00 4.33 4.61 0.0003 0.4111 0.4498
0.00 4.30 4.77 0.0004 0.4111 0.4456
0.00 4.54 4.95 0.0004 0.4223 0.4638
0.00 4.27 4.66 0.0002 0.4056 0.4562
0.00 4.57 4.96 0.0002 0.4493 0.5043
0.00 4.35 4.71 0.0002 0.4282 0.4719
0.00 4.10 4.46 0.0003 0.3938 0.4342
0.00 4.28 4.76 0.0003 0.4214 0.4682
0.00 4.14 4.53 0.0003 0.3877 0.4289
0.00 4.20 4.49 0.0005 0.4003 0.4338
0.00 4.46 4.64 0.0003 0.4278 0.4621
0.00 4.23 4.46 0.0002 0.4097 0.4500
0.00 4.26 4.36 0.0003 0.4003 0.4347
0.00 4.30 4.52 0.0003 0.4161 0.4539
0.00 4.10 4.45 0.0003 0.4000 0.4404
0.00 4.30 4.39 0.0002 0.3985 0.4355
0.00 4.11 4.57 0.0002 0.4116 0.4495
0.00 4.34 4.47 0.0002 0.3967 0.4356
0.00 4.03 4.41 0.0003 0.3958 0.4239
0.00 4.04 4.60 0.0003 0.4006 0.4383
0.00 4.23 4.45 0.0001 0.4123 0.4475
0.00 4.09 4.47 0.0001 0.4099 0.4560
0.00 4.07 4.56 0.0002 0.4009 0.4447
0.00 4.09 4.46 0.0002 0.3861 0.4334
0.00 4.09 4.54 0.0002 0.4156 0.4490
0.00 4.19 4.50 0.0003 0.3869 0.4269
0.00 4.09 4.42 0.0003 0.3933 0.4331
0.00 4.22 4.55 0.0001 0.4009 0.4406
0.00 4.27 4.48 0.0002 0.4061 0.4502
0.00 4.09 4.41 0.0001 0.4009 0.4501
0.00 4.08 4.29 0.0003 0.3933 0.4376
0.00 4.06 4.33 0.0002 0.3930 0.4341
0.00 4.20 4.48 0.0001 0.4039 0.4441
0.00 4.10 4.45 0.0002 0.4005 0.4418
0.00 3.96 4.23 0.0002 0.3886 0.4247
0.00 4.06 4.34 0.0002 0.4131 0.4504
0.00 3.99 4.37 0.0002 0.3801 0.4176
0.00 4.03 4.31 0.0001 0.3744 0.4109
0.00 4.06 4.36 0.0002 0.3754 0.4181
0.00 3.98 4.33 0.0002 0.3791 0.4229
0.00 4.07 4.20 0.0001 0.3828 0.4187
0.00 4.07 4.47 0.0002 0.3889 0.4283
0.00 3.92 4.21 0.0002 0.3769 0.4169
0.00 4.04 4.20 0.0001 0.3760 0.4123
0.00 4.12 4.38 0.0001 0.3904 0.4320
0.00 4.06 4.39 0.0001 0.3886 0.4263
0.00 3.90 4.21 0.0001 0.3736 0.4184
0.00 3.84 4.23 0.0001 0.3717 0.4168
0.00 4.10 4.49 0.0001 0.3821 0.4321
0.00 4.10 4.43 0.0001 0.3962 0.4415
0.00 4.02 4.49 0.0001 0.3912 0.4350
0.00 3.95 4.29 0.0002 0.3703 0.4156
0.00 4.03 4.24 0.0001 0.3829 0.4178
0.00 3.94 4.18 0.0002 0.3671 0.4107
0.00 3.90 4.20 0.0001 0.3665 0.4090
0.00 3.99 4.28 0.0001 0.3881 0.4271
0.00 4.02 4.37 0.0001 0.3889 0.4352
0.00 4.10 4.39 0.0001 0.4131 0.4540
0.00 4.15 4.51 0.0001 0.4001 0.4430
0.00 3.94 4.17 0.0001 0.3932 0.4331
0.00 3.86 4.18 0.0001 0.3924 0.4314
0.00 3.97 4.32 0.0001 0.3794 0.4209
0.00 3.93 4.11 0.0001 0.3729 0.4143
0.00 3.79 4.22 0.0000 0.3794 0.4264
0.00 3.94 4.27 0.0001 0.3882 0.4334
0.00 3.90 4.24 0.0001 0.3894 0.4294
0.00 3.87 4.16 0.0001 0.3825 0.4201
0.00 4.20 4.30 0.0001 0.3972 0.4314
0.00 4.05 4.19 0.0001 0.3882 0.4234
0.00 3.98 4.29 0.0000 0.3876 0.4259
0.00 3.80 4.30 0.0001 0.3672 0.4098
0.00 3.68 4.16 0.0001 0.3642 0.4140
0.00 3.93 4.29 0.0000 0.3790 0.4324
0.00 3.86 4.19 0.0001 0.3717 0.4152
0.00 3.98 4.28 0.0001 0.3714 0.4121
0.00 4.01 4.29 0.0000 0.3877 0.4308
0.00 3.74 4.27 0.0000 0.3748 0.4229
0.00 3.84 4.13 0.0001 0.3627 0.4074
0.00 3.88 4.15 0.0000 0.3768 0.4211
0.00 3.81 4.26 0.0001 0.3738 0.4186
0.00 3.80 4.12 0.0000 0.3811 0.4207
0.00 4.02 4.23 0.0000 0.3855 0.4250
0.00 3.96 4.19 0.0001 0.3737 0.4154
0.00 3.86 4.12 0.0000 0.3719 0.4119
0.00 4.04 4.24 0.0000 0.3855 0.4233
0.00 3.83 4.04 0.0000 0.3649 0.4010
0.00 3.84 4.10 0.0000 0.3747 0.4121
0.00 3.94 4.12 0.0000 0.3707 0.4064
0.00 3.88 4.17 0.0000 0.3845 0.4126
0.00 3.91 4.04 0.0000 0.3767 0.4175
0.00 4.02 4.32 0.0000 0.3828 0.4189
0.00 3.81 4.15 0.0000 0.3742 0.4104
0.00 3.93 4.08 0.0001 0.3845 0.4129
0.00 3.94 4.15 0.0000 0.3796 0.4153
0.00 3.89 4.17 0.0001 0.3735 0.4061
0.00 3.90 4.25 0.0000 0.3824 0.4203
0.00 3.91 4.19 0.0001 0.3744 0.4093
0.00 3.96 4.23 0.0000 0.3862 0.4271
0.00 3.82 4.26 0.0000 0.3838 0.4205
0.00 3.76 4.14 0.0001 0.3608 0.3931
0.00 3.77 4.08 0.0000 0.3673 0.4049
0.00 3.74 4.16 0.0000 0.3725 0.4056
0.00 3.80 4.12 0.0000 0.3636 0.3964
0.00 3.76 4.19 0.0000 0.3735 0.4140
0.00 3.76 4.15 0.0000 0.3759 0.4108
0.00 3.82 4.11 0.0000 0.3747 0.4076
0.00 3.63 4.01 0.0000 0.3661 0.4013
0.00 3.83 4.14 0.0001 0.3577 0.3963
0.00 3.73 4.04 0.0000 0.3583 0.3951
0.00 3.82 4.03 0.0000 0.3691 0.4019
0.00 3.76 4.12 0.0000 0.3672 0.4007
0.00 3.79 4.10 0.0000 0.3685 0.3990
0.00 3.79 4.14 0.0000 0.3669 0.4029
0.00 3.60 4.03 0.0000 0.3606 0.3922
0.00 3.78 4.03 0.0000 0.3754 0.4056
0.00 3.89 3.99 0.0001 0.3754 0.4130
0.00 3.79 3.94 0.0000 0.3597 0.3990
0.00 3.66 3.89 0.0000 0.3698 0.4056
0.00 3.79 4.11 0.0000 0.3748 0.4195
0.00 3.73 4.00 0.0000 0.3586 0.3911
0.00 3.78 3.96 0.0000 0.3818 0.4165
0.00 3.82 4.04 0.0000 0.3807 0.4146
0.00 3.83 4.05 0.0000 0.3582 0.3925
0.00 3.71 3.88 0.0000 0.3678 0.3927
0.00 3.69 3.96 0.0000 0.3532 0.3809
0.00 3.70 3.83 0.0001 0.3671 0.3964
0.00 3.74 4.18 0.0000 0.3654 0.4035
0.00 3.74 4.01 0.0000 0.3624 0.3975
0.00 3.73 3.97 0.0000 0.3659 0.4024
0.00 3.71 3.94 0.0000 0.3677 0.4008
0.00 3.74 4.05 0.0000 0.3678 0.4069
0.00 3.69 3.99 0.0000 0.3550 0.3965
0.00 3.75 4.09 0.0000 0.3655 0.4079
0.00 3.67 3.90 0.0000 0.3638 0.4041
0.00 3.67 4.04 0.0000 0.3564 0.3989
0.00 3.72 4.01 0.0000 0.3507 0.3943
0.00 3.76 4.00 0.0000 0.3519 0.3888
0.00 3.73 4.01 0.0000 0.3642 0.3926
0.00 3.75 4.08 0.0000 0.3611 0.3927
0.00 3.77 4.00 0.0000 0.3531 0.3825
0.00 3.76 4.02 0.0000 0.3673 0.3963
0.00 3.70 4.05 0.0000 0.3616 0.3924
0.00 3.58 3.82 0.0000 0.3426 0.3733
0.00 3.70 3.97 0.0000 0.3642 0.3995
0.00 3.70 3.84 0.0000 0.3637 0.4014
0.00 3.71 4.03 0.0000 0.3679 0.4014
0.00 3.76 3.81 0.0000 0.3591 0.3945
0.00 3.66 3.89 0.0000 0.3726 0.4036
0.00 3.63 3.94 0.0000 0.3585 0.3907
0.00 3.67 3.83 0.0000 0.3608 0.3906
0.00 3.69 3.96 0.0000 0.3475 0.3754
0.00 3.56 3.95 0.0000 0.3638 0.3926
0.00 3.69 4.02 0.0000 0.3547 0.3924
0.00 3.65 3.91 0.0000 0.3552 0.3891
0.00 3.71 3.94 0.0000 0.3590 0.3864
0.00 3.68 4.04 0.0000 0.3580 0.3924
0.00 3.70 3.97 0.0000 0.3582 0.3949
0.00 3.58 3.88 0.0000 0.3689 0.4067
0.00 3.67 3.92 0.0000 0.3569 0.3962
0.00 3.68 3.98 0.0000 0.3500 0.3863
0.00 3.66 4.03 0.0000 0.3621 0.3922
0.00 3.59 4.03 0.0000 0.3612 0.3943
0.00 3.64 4.05 0.0000 0.3629 0.3974
0.00 3.59 3.95 0.0000 0.3650 0.3932
0.00 3.59 4.06 0.0000 0.3619 0.3981
0.00 3.58 3.97 0.0000 0.3537 0.3920
0.00 3.73 3.95 0.0000 0.3547 0.3883
0.00 3.60 4.05 0.0000 0.3619 0.3982
0.00 3.71 4.05 0.0000 0.3510 0.3895
0.00 3.59 3.85 0.0000 0.3407 0.3792
0.00 3.69 3.90 0.0000 0.3537 0.3862
0.00 3.65 3.93 0.0000 0.3619 0.3992
0.00 3.61 3.98 0.0000 0.3493 0.3840
0.00 3.55 3.92 0.0000 0.3464 0.3828
0.00 3.49 3.87 0.0000 0.3610 0.3959
0.00 3.68 3.81 0.0000 0.3541 0.3900
0.00 3.63 3.94 0.0000 0.3519 0.3929
0.00 3.56 3.89 0.0000 0.3492 0.3846
0.00 3.58 3.84 0.0000 0.3543 0.3893
0.00 3.69 3.90 0.0000 0.3486 0.3847
0.00 3.68 3.95 0.0000 0.3501 0.3877
0.00 3.66 3.86 0.0000 0.3468 0.3838
0.00 3.68 3.91 0.0000 0.3441 0.3843
0.00 3.51 3.86 0.0000 0.3519 0.3936
0.00 3.74 3.95 0.0000 0.3583 0.3931
0.00 3.59 3.82 0.0000 0.3577 0.3920
0.00 3.58 3.83 0.0000 0.3514 0.3864
0.00 3.62 3.90 0.0000 0.3389 0.3741
0.00 3.60 3.89 0.0000 0.3437 0.3819
0.00 3.50 3.87 0.0000 0.3494 0.3842
0.00 3.61 3.93 0.0000 0.3516 0.3876
0.00 3.62 3.94 0.0000 0.3601 0.3875
0.00 3.48 3.85 0.0000 0.3522 0.3818
0.00 3.59 3.79 0.0000 0.3510 0.3786
0.00 3.57 3.85 0.0000 0.3581 0.3820
0.00 3.57 3.86 0.0000 0.3418 0.3705
0.00 3.53 3.75 0.0000 0.3436 0.3721
0.00 3.54 3.93 0.0000 0.3586 0.3934
0.00 3.61 3.91 0.0000 0.3606 0.4007
0.00 3.68 3.87 0.0000 0.3593 0.3933
0.00 3.53 3.81 0.0000 0.3525 0.3899
0.00 3.50 3.83 0.0000 0.3589 0.3963
0.00 3.55 3.77 0.0000 0.3540 0.3913
0.00 3.63 3.82 0.0000 0.3515 0.3892
0.00 3.53 3.77 0.0000 0.3510 0.3813
0.00 3.58 3.83 0.0000 0.3514 0.3875
0.00 3.58 3.74 0.0000 0.3405 0.3689
0.00 3.65 3.71 0.0000 0.3632 0.3954
0.00 3.54 3.78 0.0000 0.3528 0.3818
0.00 3.60 3.85 0.0000 0.3488 0.3832
0.00 3.60 3.84 0.0000 0.3386 0.3680
0.00 3.57 3.94 0.0000 0.3569 0.3870
0.00 3.56 3.92 0.0000 0.3505 0.3806
0.00 3.62 3.83 0.0000 0.3614 0.3874
0.00 3.60 3.86 0.0000 0.3646 0.3918
0.00 3.55 3.86 0.0000 0.3603 0.3886
0.00 3.60 3.86 0.0000 0.3547 0.3835
0.00 3.58 3.86 0.0000 0.3598 0.3906
0.00 3.48 3.84 0.0000 0.3563 0.3908
0.00 3.53 3.82 0.0000 0.3414 0.3707
0.00 3.52 3.87 0.0000 0.3439 0.3791
0.00 3.59 3.82 0.0000 0.3487 0.3807
0.00 3.62 3.93 0.0000 0.3622 0.3915
0.00 3.61 3.93 0.0000 0.3537 0.3842
0.00 3.53 3.92 0.0000 0.3567 0.3929
0.00 3.66 3.86 0.0000 0.3705 0.3955
0.00 3.54 3.86 0.0000 0.3497 0.3820
0.00 3.62 3.84 0.0000 0.3511 0.3867
0.00 3.57 3.83 0.0000 0.3519 0.3838
0.00 3.54 3.83 0.0000 0.3474 0.3792
0.00 3.65 3.88 0.0000 0.3504 0.3887
0.00 3.61 3.86 0.0000 0.3551 0.3903
0.00 3.58 3.93 0.0000 0.3437 0.3850
0.00 3.48 3.73 0.0000 0.3429 0.3771
0.00 3.59 3.80 0.0000 0.3430 0.3802
0.00 3.49 3.68 0.0000 0.3412 0.3765
0.00 3.39 3.76 0.0000 0.3418 0.3818
0.00 3.62 3.84 0.0000 0.3488 0.3821
0.00 3.55 3.77 0.0000 0.3466 0.3802
0.00 3.57 3.90 0.0000 0.3537 0.3931
0.00 3.55 3.88 0.0000 0.3411 0.3801
0.00 3.50 3.85 0.0000 0.3480 0.3823
0.00 3.52 3.76 0.0000 0.3590 0.3965
0.00 3.35 3.73 0.0000 0.3465 0.3879
0.00 3.55 3.78 0.0000 0.3524 0.3974
0.00 3.50 3.89 0.0000 0.3579 0.3965
0.00 3.52 3.90 0.0000 0.3596 0.4002
0.00 3.45 3.71 0.0000 0.3484 0.3836
0.00 3.48 3.84 0.0000 0.3499 0.3916
0.00 3.51 3.79 0.0000 0.3412 0.3823
0.00 3.53 3.76 0.0000 0.3407 0.3758
0.00 3.59 3.82 0.0000 0.3439 0.3828
0.00 3.52 3.87 0.0000 0.3479 0.3925
0.00 3.54 3.83 0.0000 0.3420 0.3739
0.00 3.53 3.87 0.0000 0.3464 0.3849
0.00 3.50 3.83 0.0000 0.3465 0.3823
0.00 3.61 3.89 0.0000 0.3520 0.3869
0.00 3.55 3.79 0.0000 0.3433 0.3781
0.00 3.45 3.78 0.0000 0.3376 0.3698
0.00 3.48 3.78 0.0000 0.3484 0.3839
0.00 3.56 3.84 0.0000 0.3465 0.3832
0.00 3.49 3.81 0.0000 0.3513 0.3858
0.00 3.46 3.76 0.0000 0.3422 0.3763
0.00 3.42 3.75 0.0000 0.3383 0.3747
0.00 3.51 3.74 0.0000 0.3411 0.3792
0.00 3.43 3.67 0.0000 0.3447 0.3768
0.00 3.60 3.78 0.0000 0.3475 0.3778
0.00 3.48 3.71 0.0000 0.3463 0.3768
0.00 3.49 3.63 0.0000 0.3518 0.3819
0.00 3.48 3.84 0.0000 0.3446 0.3779
0.00 3.44 3.87 0.0000 0.3545 0.3898
0.00 3.46 3.69 0.0000 0.3625 0.3985
0.00 3.47 3.80 0.0000 0.3480 0.3817
0.00 3.56 3.85 0.0000 0.3561 0.3933
0.00 3.63 3.89 0.0000 0.3514 0.3887
0.00 3.51 3.83 0.0000 0.3445 0.3799
0.00 3.57 3.85 0.0000 0.3534 0.3915
0.00 3.48 3.76 0.0000 0.3424 0.3803
0.00 3.55 3.81 0.0000 0.3425 0.3805
0.00 3.55 3.81 0.0000 0.3531 0.3901
0.00 3.58 3.83 0.0000 0.3493 0.3867
0.00 3.56 3.86 0.0000 0.3414 0.3821
0.00 3.55 3.80 0.0000 0.3525 0.3899
0.00 3.56 3.72 0.0000 0.3456 0.3833
0.00 3.47 3.74 0.0000 0.3468 0.3863
0.00 3.45 3.77 0.0000 0.3464 0.3813
0.00 3.50 3.74 0.0000 0.3397 0.3781
0.00 3.51 3.74 0.0000 0.3369 0.3689
0.00 3.58 3.83 0.0000 0.3515 0.3870
0.00 3.50 3.79 0.0000 0.3440 0.3801
0.00 3.45 3.73 0.0000 0.3542 0.3828
0.00 3.50 3.74 0.0000 0.3493 0.3865
0.00 3.50 3.85 0.0000 0.3430 0.3840
0.00 3.59 3.76 0.0000 0.3428 0.3782
0.00 3.53 3.78 0.0000 0.3425 0.3740
0.00 3.46 3.72 0.0000 0.3374 0.3749
0.00 3.50 3.76 0.0000 0.3431 0.3794
0.00 3.38 3.80 0.0000 0.3447 0.3823
0.00 3.46 3.70 0.0000 0.3423 0.3801
0.00 3.44 3.72 0.0000 0.3398 0.3781
0.00 3.43 3.82 0.0000 0.3399 0.3811
0.00 3.41 3.66 0.0000 0.3377 0.3770
0.00 3.51 3.76 0.0000 0.3331 0.3729
0.00 3.36 3.73 0.0000 0.3337 0.3722
0.00 3.45 3.63 0.0000 0.3451 0.3784
0.00 3.39 3.70 0.0000 0.3427 0.3783
0.00 3.43 3.74 0.0000 0.3424 0.3807
0.00 3.41 3.71 0.0000 0.3504 0.3842
0.00 3.48 3.74 0.0000 0.3475 0.3828
0.00 3.50 3.79 0.0000 0.3467 0.3850
0.00 3.40 3.73 0.0000 0.3365 0.3720
0.00 3.43 3.71 0.0000 0.3424 0.3785
0.00 3.39 3.72 0.0000 0.3284 0.3634
0.00 3.40 3.72 0.0000 0.3408 0.3787
0.00 3.42 3.78 0.0000 0.3363 0.3746
0.00 3.39 3.74 0.0000 0.3436 0.3795
0.00 3.59 3.77 0.0000 0.3488 0.3920
0.00 3.41 3.77 0.0000 0.3464 0.3821
0.00 3.36 3.74 0.0000 0.3473 0.3861
0.00 3.43 3.75 0.0000 0.3414 0.3804
0.00 3.62 3.77 0.0000 0.3420 0.3761
0.00 3.53 3.74 0.0000 0.3452 0.3778
0.00 3.53 3.75 0.0000 0.3473 0.3807
0.00 3.49 3.74 0.0000 0.3442 0.3786
0.00 3.39 3.74 0.0000 0.3488 0.3866
0.00 3.46 3.72 0.0000 0.3419 0.3807
0.00 3.51 3.68 0.0000 0.3382 0.3755
0.00 3.52 3.69 0.0000 0.3449 0.3823
0.00 3.55 3.77 0.0000 0.3387 0.3803
0.00 3.43 3.77 0.0000 0.3406 0.3796
0.00 3.47 3.77 0.0000 0.3500 0.3859
0.00 3.50 3.73 0.0000 0.3413 0.3752
0.00 3.45 3.73 0.0000 0.3412 0.3756
0.00 3.53 3.72 0.0000 0.3460 0.3806
0.00 3.56 3.73 0.0000 0.3429 0.3770
0.00 3.51 3.72 0.0000 0.3439 0.3792
0.00 3.51 3.72 0.0000 0.3511 0.3871
0.00 3.49 3.76 0.0000 0.3476 0.3809
0.00 3.47 3.74 0.0000 0.3477 0.3809
0.00 3.42 3.73 0.0000 0.3444 0.3854
0.00 3.36 3.65 0.0000 0.3349 0.3747
0.00 3.37 3.67 0.0000 0.3456 0.3776
0.00 3.52 3.80 0.0000 0.3453 0.3784
0.00 3.53 3.68 0.0000 0.3518 0.3845
0.00 3.42 3.73 0.0000 0.3450 0.3823
0.00 3.36 3.73 0.0000 0.3472 0.3863
0.00 3.43 3.74 0.0000 0.3354 0.3710
0.00 3.34 3.75 0.0000 0.3461 0.3780
0.00 3.48 3.69 0.0000 0.3350 0.3671
0.00 3.48 3.81 0.0000 0.3385 0.3749
0.00 3.48 3.75 0.0000 0.3448 0.3807
0.00 3.48 3.74 0.0000 0.3380 0.3758
0.00 3.33 3.67 0.0000 0.3402 0.3750
0.00 3.43 3.76 0.0000 0.3431 0.3815
0.00 3.42 3.80 0.0000 0.3402 0.3753
0.00 3.44 3.79 0.0000 0.3367 0.3707
0.00 3.40 3.71 0.0000 0.3442 0.3741
0.00 3.42 3.75 0.0000 0.3391 0.3690
0.00 3.44 3.70 0.0000 0.3443 0.3743
0.00 3.42 3.84 0.0000 0.3468 0.3829
0.00 3.40 3.81 0.0000 0.3453 0.3808
0.00 3.41 3.76 0.0000 0.3452 0.3758
0.00 3.35 3.81 0.0000 0.3449 0.3788
0.00 3.52 3.74 0.0000 0.3439 0.3778
0.00 3.54 3.76 0.0000 0.3472 0.3776
0.00 3.59 3.81 0.0000 0.3429 0.3790
0.00 3.42 3.70 0.0000 0.3426 0.3787
0.00 3.42 3.64 0.0000 0.3417 0.3758
0.00 3.39 3.68 0.0000 0.3377 0.3715
0.00 3.35 3.67 0.0000 0.3451 0.3764
0.00 3.33 3.63 0.0000 0.3400 0.3753
0.00 3.37 3.64 0.0000 0.3382 0.3690
0.00 3.35 3.68 0.0000 0.3513 0.3772
0.00 3.40 3.67 0.0000 0.3345 0.3680
0.00 3.47 3.79 0.0000 0.3479 0.3836
0.00 3.36 3.59 0.0000 0.3319 0.3655
0.00 3.41 3.76 0.0000 0.3371 0.3713
0.00 3.42 3.73 0.0000 0.3472 0.3802
0.00 3.47 3.81 0.0000 0.3469 0.3820
0.00 3.51 3.76 0.0000 0.3417 0.3810
0.00 3.30 3.73 0.0000 0.3344 0.3722
0.00 3.44 3.77 0.0000 0.3509 0.3855
0.00 3.46 3.81 0.0000 0.3413 0.3794
0.00 3.45 3.77 0.0000 0.3488 0.3840
0.00 3.47 3.78 0.0000 0.3423 0.3766
0.00 3.42 3.73 0.0000 0.3461 0.3825
0.00 3.48 3.73 0.0000 0.3398 0.3805
0.00 3.39 3.77 0.0000 0.3398 0.3768
0.00 3.41 3.70 0.0000 0.3411 0.3767
0.00 3.37 3.65 0.0000 0.3344 0.3665
0.00 3.42 3.66 0.0000 0.3398 0.3752
0.00 3.41 3.64 0.0000 0.3386 0.3738
0.00 3.41 3.66 0.0000 0.3311 0.3647
0.00 3.47 3.74 0.0000 0.3443 0.3795
0.00 3.41 3.79 0.0000 0.3329 0.3715
0.00 3.53 3.82 0.0000 0.3493 0.3891
0.00 3.46 3.84 0.0000 0.3468 0.3865
0.00 3.49 3.77 0.0000 0.3437 0.3849
0.00 3.43 3.66 0.0000 0.3502 0.3855
0.00 3.50 3.82 0.0000 0.3393 0.3796
0.00 3.51 3.68 0.0000 0.3424 0.3785
0.00 3.49 3.70 0.0000 0.3476 0.3844
0.00 3.40 3.70 0.0000 0.3414 0.3727
0.00 3.43 3.64 0.0000 0.3425 0.3774
0.00 3.35 3.63 0.0000 0.3438 0.3817
0.00 3.42 3.72 0.0000 0.3423 0.3776
0.00 3.45 3.62 0.0000 0.3452 0.3754
0.00 3.38 3.70 0.0000 0.3445 0.3779
0.00 3.39 3.69 0.0000 0.3433 0.3774
0.00 3.53 3.67 0.0000 0.3455 0.3801
0.00 3.49 3.66 0.0000 0.3378 0.3716
0.00 3.51 3.66 0.0000 0.3416 0.3743
0.00 3.46 3.65 0.0000 0.3459 0.3780
0.00 3.35 3.67 0.0000 0.3403 0.3727
0.00 3.33 3.70 0.0000 0.3367 0.3702
0.00 3.39 3.65 0.0000 0.3438 0.3734
0.00 3.41 3.65 0.0000 0.3377 0.3689
0.00 3.33 3.67 0.0000 0.3341 0.3666
0.00 3.43 3.69 0.0000 0.3403 0.3718
0.00 3.45 3.76 0.0000 0.3477 0.3791
0.00 3.40 3.67 0.0000 0.3296 0.3626
0.00 3.49 3.77 0.0000 0.3419 0.3762
0.00 3.41 3.69 0.0000 0.3377 0.3725
0.00 3.40 3.79 0.0000 0.3334 0.3671
0.00 3.38 3.75 0.0000 0.3357 0.3682
0.00 3.37 3.70 0.0000 0.3376 0.3716
0.00 3.43 3.66 0.0000 0.3358 0.3679
0.00 3.38 3.60 0.0000 0.3295 0.3638
0.00 3.44 3.73 0.0000 0.3453 0.3801
0.00 3.42 3.64 0.0000 0.3402 0.3731
0.00 3.53 3.64 0.0000 0.3409 0.3770
0.00 3.44 3.73 0.0000 0.3463 0.3823
0.00 3.47 3.78 0.0000 0.3502 0.3937
0.00 3.45 3.62 0.0000 0.3443 0.3825
0.00 3.48 3.62 0.0000 0.3419 0.3778
0.00 3.42 3.70 0.0000 0.3455 0.3786
0.00 3.39 3.70 0.0000 0.3374 0.3756
0.00 3.30 3.58 0.0000 0.3418 0.3769
0.00 3.39 3.68 0.0000 0.3413 0.3764
0.00 3.37 3.69 0.0000 0.3405 0.3731
0.00 3.32 3.69 0.0000 0.3310 0.3639
0.00 3.39 3.62 0.0000 0.3335 0.3635
0.00 3.27 3.60 0.0000 0.3351 0.3656
0.00 3.19 3.65 0.0000 0.3351 0.3666
0.00 3.37 3.63 0.0000 0.3345 0.3699
0.00 3.36 3.62 0.0000 0.3329 0.3664
0.00 3.31 3.66 0.0000 0.3359 0.3698
0.00 3.34 3.66 0.0000 0.3358 0.3655
0.00 3.29 3.63 0.0000 0.3323 0.3597
0.00 3.26 3.55 0.0000 0.3286 0.3568
0.00 3.33 3.68 0.0000 0.3243 0.3540
0.00 3.27 3.62 0.0000 0.3341 0.3624
0.00 3.33 3.60 0.0000 0.3261 0.3580
0.00 3.31 3.63 0.0000 0.3375 0.3676
0.00 3.36 3.59 0.0000 0.3326 0.3622
0.00 3.32 3.64 0.0000 0.3328 0.3655
0.00 3.25 3.52 0.0000 0.3325 0.3646
0.00 3.28 3.51 0.0000 0.3255 0.3603
0.00 3.31 3.53 0.0000 0.3393 0.3737
0.00 3.36 3.62 0.0000 0.3363 0.3724
0.00 3.24 3.55 0.0000 0.3331 0.3648
0.00 3.32 3.57 0.0000 0.3358 0.3663
0.00 3.29 3.65 0.0000 0.3336 0.3666
0.00 3.30 3.68 0.0000 0.3352 0.3669
0.00 3.30 3.59 0.0000 0.3372 0.3686
0.00 3.38 3.63 0.0000 0.3446 0.3813
0.00 3.38 3.68 0.0000 0.3461 0.3779
0.00 3.29 3.57 0.0000 0.3353 0.3633
0.00 3.23 3.64 0.0000 0.3379 0.3701
0.00 3.31 3.64 0.0000 0.3344 0.3651
0.00 3.31 3.69 0.0000 0.3288 0.3599
0.00 3.36 3.59 0.0000 0.3407 0.3709
0.00 3.39 3.67 0.0000 0.3343 0.3671
0.00 3.37 3.66 0.0000 0.3316 0.3634
0.00 3.36 3.70 0.0000 0.3433 0.3747
0.00 3.29 3.62 0.0000 0.3358 0.3642
0.00 3.36 3.65 0.0000 0.3301 0.3600
0.00 3.38 3.66 0.0000 0.3328 0.3655
0.00 3.34 3.73 0.0000 0.3333 0.3680
0.00 3.42 3.68 0.0000 0.3387 0.3719
0.00 3.30 3.62 0.0000 0.3393 0.3691
0.00 3.36 3.72 0.0000 0.3310 0.3648
0.00 3.36 3.63 0.0000 0.3333 0.3622
0.00 3.39 3.59 0.0000 0.3420 0.3728
0.00 3.28 3.61 0.0000 0.3399 0.3709
0.00 3.26 3.63 0.0000 0.3345 0.3644
0.00 3.38 3.56 0.0000 0.3313 0.3634
0.00 3.30 3.62 0.0000 0.3311 0.3622
0.00 3.31 3.56 0.0000 0.3328 0.3621
0.00 3.27 3.52 0.0000 0.3284 0.3607
0.00 3.26 3.58 0.0000 0.3382 0.3699
0.00 3.43 3.63 0.0000 0.3360 0.3704
0.00 3.24 3.54 0.0000 0.3365 0.3703
0.00 3.23 3.55 0.0000 0.3371 0.3704
0.00 3.36 3.50 0.0000 0.3370 0.3702
0.00 3.33 3.63 0.0000 0.3350 0.3726
0.00 3.34 3.65 0.0000 0.3300 0.3646
0.00 3.35 3.57 0.0000 0.3396 0.3716
0.00 3.25 3.58 0.0000 0.3385 0.3700
0.00 3.28 3.55 0.0000 0.3327 0.3651
0.00 3.30 3.55 0.0000 0.3376 0.3726
0.00 3.30 3.64 0.0000 0.3346 0.3671
0.00 3.40 3.67 0.0000 0.3431 0.3764
0.00 3.30 3.66 0.0000 0.3354 0.3688
0.00 3.34 3.65 0.0000 0.3335 0.3660
0.00 3.32 3.56 0.0000 0.3409 0.3741
0.00 3.23 3.61 0.0000 0.3406 0.3750
0.00 3.28 3.62 0.0000 0.3346 0.3697
0.00 3.37 3.59 0.0000 0.3409 0.3770
0.00 3.35 3.65 0.0000 0.3312 0.3680
0.00 3.42 3.67 0.0000 0.3352 0.3702
0.00 3.40 3.63 0.0000 0.3332 0.3704
0.00 3.32 3.67 0.0000 0.3313 0.3678
0.00 3.37 3.61 0.0000 0.3393 0.3707
0.00 3.32 3.61 0.0000 0.3412 0.3761
0.00 3.29 3.56 0.0000 0.3359 0.3681
0.00 3.31 3.61 0.0000 0.3268 0.3573
0.00 3.30 3.55 0.0000 0.3333 0.3631
0.00 3.27 3.50 0.0000 0.3362 0.3638
0.00 3.36 3.56 0.0000 0.3482 0.3761
0.00 3.39 3.52 0.0000 0.3403 0.3709
0.00 3.31 3.49 0.0000 0.3424 0.3746
0.00 3.35 3.52 0.0000 0.3325 0.3672
0.00 3.31 3.51 0.0000 0.3336 0.3690
0.00 3.30 3.51 0.0000 0.3336 0.3691
0.00 3.31 3.50 0.0000 0.3310 0.3634
0.00 3.34 3.48 0.0000 0.3335 0.3656
0.00 3.35 3.51 0.0000 0.3330 0.3649
0.00 3.32 3.54 0.0000 0.3359 0.3698
0.00 3.36 3.49 0.0000 0.3370 0.3723
0.00 3.41 3.61 0.0000 0.3458 0.3806
0.00 3.43 3.49 0.0000 0.3380 0.3724
0.00 3.44 3.56 0.0000 0.3408 0.3744
0.00 3.43 3.52 0.0000 0.3425 0.3766
0.00 3.38 3.52 0.0000 0.3419 0.3758
0.00 3.31 3.52 0.0000 0.3348 0.3662
0.00 3.38 3.55 0.0000 0.3314 0.3647
0.00 3.38 3.55 0.0000 0.3417 0.3731
0.00 3.40 3.61 0.0000 0.3443 0.3763
0.00 3.26 3.57 0.0000 0.3398 0.3728
0.00 3.28 3.49 0.0000 0.3349 0.3673
0.00 3.25 3.52 0.0000 0.3314 0.3645
0.00 3.19 3.50 0.0000 0.3348 0.3668
0.00 3.27 3.52 0.0000 0.3360 0.3690
0.00 3.38 3.56 0.0000 0.3383 0.3711
0.00 3.32 3.59 0.0000 0.3455 0.3757
0.00 3.37 3.56 0.0000 0.3411 0.3738
0.00 3.38 3.55 0.0000 0.3326 0.3634
0.00 3.40 3.51 0.0000 0.3493 0.3788
0.00 3.38 3.56 0.0000 0.3408 0.3715
0.00 3.32 3.54 0.0000 0.3360 0.3645
0.00 3.31 3.55 0.0000 0.3421 0.3724
0.00 3.32 3.56 0.0000 0.3356 0.3685
0.00 3.39 3.60 0.0000 0.3400 0.3729
0.00 3.38 3.56 0.0000 0.3434 0.3760
0.00 3.33 3.59 0.0000 0.3406 0.3711
0.00 3.37 3.52 0.0000 0.3405 0.3726
0.00 3.41 3.54 0.0000 0.3447 0.3761
0.00 3.43 3.62 0.0000 0.3460 0.3792
0.00 3.40 3.57 0.0000 0.3403 0.3725
0.00 3.36 3.57 0.0000 0.3368 0.3696
0.00 3.44 3.57 0.0000 0.3448 0.3764
0.00 3.47 3.57 0.0000 0.3423 0.3740
0.00 3.39 3.50 0.0000 0.3414 0.3734
0.00 3.46 3.60 0.0000 0.3399 0.3750
0.00 3.42 3.50 0.0000 0.3370 0.3683
0.00 3.45 3.53 0.0000 0.3385 0.3684
0.00 3.38 3.53 0.0000 0.3364 0.3637
0.00 3.35 3.60 0.0000 0.3446 0.3719
0.00 3.44 3.58 0.0000 0.3429 0.3693
0.00 3.30 3.60 0.0000 0.3416 0.3699
0.00 3.30 3.50 0.0000 0.3357 0.3642
0.00 3.30 3.52 0.0000 0.3384 0.3684
0.00 3.30 3.62 0.0000 0.3362 0.3700
0.00 3.23 3.52 0.0000 0.3320 0.3666
0.00 3.24 3.52 0.0000 0.3338 0.3668
0.00 3.23 3.49 0.0000 0.3389 0.3694
0.00 3.33 3.53 0.0000 0.3340 0.3660
0.00 3.32 3.52 0.0000 0.3342 0.3648
0.00 3.30 3.56 0.0000 0.3461 0.3770
0.00 3.29 3.53 0.0000 0.3379 0.3715
0.00 3.25 3.55 0.0000 0.3379 0.3712
0.00 3.28 3.56 0.0000 0.3401 0.3754
0.00 3.23 3.57 0.0000 0.3385 0.3736
0.00 3.27 3.57 0.0000 0.3357 0.3718
0.00 3.37 3.59 0.0000 0.3427 0.3769
0.00 3.37 3.50 0.0000 0.3361 0.3715
0.00 3.28 3.51 0.0000 0.3420 0.3733
0.00 3.31 3.49 0.0000 0.3351 0.3683
0.00 3.25 3.49 0.0000 0.3372 0.3686
0.00 3.32 3.51 0.0000 0.3405 0.3705
0.00 3.33 3.51 0.0000 0.3407 0.3718
0.00 3.30 3.54 0.0000 0.3319 0.3688
0.00 3.37 3.59 0.0000 0.3418 0.3775
0.00 3.41 3.56 0.0000 0.3450 0.3797
0.00 3.29 3.56 0.0000 0.3363 0.3695
0.00 3.27 3.54 0.0000 0.3415 0.3731
0.00 3.25 3.52 0.0000 0.3439 0.3744
0.00 3.33 3.63 0.0000 0.3393 0.3693
0.00 3.34 3.59 0.0000 0.3381 0.3701
0.00 3.33 3.56 0.0000 0.3392 0.3732
0.00 3.30 3.56 0.0000 0.3412 0.3748
0.00 3.28 3.51 0.0000 0.3419 0.3751
0.00 3.33 3.52 0.0000 0.3372 0.3709
0.00 3.30 3.53 0.0000 0.3391 0.3697
0.00 3.34 3.53 0.0000 0.3430 0.3735
0.00 3.26 3.49 0.0000 0.3294 0.3609
0.00 3.32 3.51 0.0000 0.3356 0.3691
0.00 3.32 3.46 0.0000 0.3376 0.3723
0.00 3.29 3.55 0.0000 0.3333 0.3710
0.00 3.24 3.51 0.0000 0.3386 0.3727
0.00 3.33 3.56 0.0000 0.3478 0.3828
0.00 3.45 3.62 0.0000 0.3359 0.3723
0.00 3.32 3.57 0.0000 0.3425 0.3771
0.00 3.31 3.60 0.0000 0.3386 0.3735
0.00 3.31 3.51 0.0000 0.3367 0.3657
0.00 3.29 3.57 0.0000 0.3404 0.3714
0.00 3.26 3.44 0.0000 0.3427 0.3742
0.00 3.35 3.46 0.0000 0.3362 0.3673
0.00 3.36 3.51 0.0000 0.3410 0.3733
0.00 3.37 3.47 0.0000 0.3353 0.3662
0.00 3.38 3.49 0.0000 0.3329 0.3616
0.00 3.38 3.56 0.0000 0.3350 0.3646
0.00 3.35 3.58 0.0000 0.3406 0.3694
0.00 3.36 3.49 0.0000 0.3389 0.3678
0.00 3.39 3.57 0.0000 0.3416 0.3716
0.00 3.25 3.53 0.0000 0.3352 0.3658
0.00 3.30 3.43 0.0000 0.3435 0.3733
0.00 3.38 3.54 0.0000 0.3367 0.3707
0.00 3.37 3.48 0.0000 0.3357 0.3699
0.00 3.35 3.45 0.0000 0.3427 0.3776
0.00 3.33 3.52 0.0000 0.3423 0.3775
0.00 3.30 3.58 0.0000 0.3368 0.3719
0.00 3.30 3.47 0.0000 0.3353 0.3664
0.00 3.42 3.54 0.0000 0.3364 0.3700
0.00 3.29 3.50 0.0000 0.3390 0.3722
0.00 3.27 3.49 0.0000 0.3352 0.3687
0.00 3.36 3.48 0.0000 0.3330 0.3669
0.00 3.22 3.48 0.0000 0.3396 0.3744
0.00 3.25 3.50 0.0000 0.3392 0.3723
0.00 3.29 3.51 0.0000 0.3364 0.3694
0.00 3.33 3.54 0.0000 0.3455 0.3805
0.00 3.34 3.56 0.0000 0.3417 0.3738
0.00 3.26 3.49 0.0000 0.3460 0.3769
0.00 3.28 3.42 0.0000 0.3432 0.3725
0.00 3.27 3.47 0.0000 0.3358 0.3633
0.00 3.30 3.51 0.0000 0.3370 0.3683
0.00 3.29 3.45 0.0000 0.3419 0.3729
0.00 3.30 3.49 0.0000 0.3341 0.3689
0.00 3.28 3.42 0.0000 0.3309 0.3638
0.00 3.27 3.46 0.0000 0.3393 0.3733
0.00 3.40 3.57 0.0000 0.3470 0.3846
0.00 3.36 3.60 0.0000 0.3395 0.3772
0.00 3.34 3.54 0.0000 0.3405 0.3758
0.00 3.38 3.60 0.0000 0.3402 0.3773
0.00 3.29 3.54 0.0000 0.3339 0.3679
0.00 3.37 3.51 0.0000 0.3407 0.3756
0.00 3.19 3.51 0.0000 0.3349 0.3696
0.00 3.20 3.49 0.0000 0.3305 0.3609
0.00 3.20 3.54 0.0000 0.3325 0.3661
0.00 3.32 3.49 0.0000 0.3392 0.3726
0.00 3.25 3.50 0.0000 0.3380 0.3715
0.00 3.34 3.43 0.0000 0.3386 0.3700
0.00 3.30 3.50 0.0000 0.3380 0.3697
0.00 3.27 3.46 0.0000 0.3284 0.3606
0.00 3.27 3.47 0.0000 0.3413 0.3726
0.00 3.34 3.44 0.0000 0.3398 0.3679
0.00 3.28 3.49 0.0000 0.3295 0.3602
0.00 3.27 3.46 0.0000 0.3390 0.3699
0.00 3.26 3.55 0.0000 0.3368 0.3677
0.00 3.20 3.53 0.0000 0.3380 0.3691
0.00 3.34 3.49 0.0000 0.3398 0.3705
0.00 3.31 3.51 0.0000 0.3403 0.3714
0.00 3.35 3.47 0.0000 0.3402 0.3723
0.00 3.20 3.44 0.0000 0.3329 0.3652
0.00 3.22 3.51 0.0000 0.3341 0.3646
0.00 3.25 3.53 0.0000 0.3410 0.3724
0.00 3.27 3.51 0.0000 0.3409 0.3754
0.00 3.29 3.47 0.0000 0.3422 0.3718
0.00 3.19 3.49 0.0000 0.3441 0.3742
0.00 3.29 3.42 0.0000 0.3429 0.3725
0.00 3.45 3.48 0.0000 0.3491 0.3802
0.00 3.37 3.44 0.0000 0.3393 0.3694
0.00 3.43 3.51 0.0000 0.3417 0.3730
0.00 3.39 3.47 0.0000 0.3442 0.3743
0.00 3.31 3.47 0.0000 0.3382 0.3704
0.00 3.30 3.45 0.0000 0.3431 0.3762
0.00 3.34 3.40 0.0000 0.3472 0.3769
0.00 3.31 3.48 0.0000 0.3396 0.3695
0.00 3.34 3.53 0.0000 0.3345 0.3656
0.00 3.37 3.48 0.0000 0.3410 0.3725
0.00 3.31 3.51 0.0000 0.3357 0.3665
0.00 3.36 3.52 0.0000 0.3405 0.3723
0.00 3.34 3.46 0.0000 0.3433 0.3748
0.00 3.38 3.56 0.0000 0.3354 0.3712
0.00 3.40 3.53 0.0000 0.3402 0.3743
0.00 3.32 3.54 0.0000 0.3395 0.3736
0.00 3.33 3.46 0.0000 0.3366 0.3698
0.00 3.39 3.45 0.0000 0.3396 0.3740
0.00 3.25 3.44 0.0000 0.3344 0.3672
0.00 3.28 3.49 0.0000 0.3349 0.3681
0.00 3.26 3.48 0.0000 0.3350 0.3686
0.00 3.33 3.45 0.0000 0.3393 0.3758
0.00 3.38 3.47 0.0000 0.3408 0.3764
0.00 3.30 3.40 0.0000 0.3427 0.3754
0.00 3.36 3.42 0.0000 0.3367 0.3695
0.00 3.26 3.45 0.0000 0.3321 0.3634
0.00 3.24 3.47 0.0000 0.3349 0.3676
0.00 3.27 3.43 0.0000 0.3344 0.3658
0.00 3.24 3.47 0.0000 0.3336 0.3655
0.00 3.28 3.46 0.0000 0.3364 0.3688
0.00 3.27 3.48 0.0000 0.3404 0.3746
0.00 3.27 3.49 0.0000 0.3392 0.3724
0.00 3.27 3.51 0.0000 0.3392 0.3749
0.00 3.22 3.53 0.0000 0.3336 0.3689
0.00 3.26 3.46 0.0000 0.3365 0.3707
0.00 3.26 3.50 0.0000 0.3421 0.3743
0.00 3.23 3.52 0.0000 0.3352 0.3635
0.00 3.27 3.53 0.0000 0.3390 0.3690
0.00 3.29 3.54 0.0000 0.3339 0.3684
0.00 3.23 3.47 0.0000 0.3269 0.3558
0.00 3.29 3.56 0.0000 0.3327 0.3646
0.00 3.33 3.49 0.0000 0.3339 0.3685
0.00 3.20 3.52 0.0000 0.3301 0.3619
0.00 3.26 3.49 0.0000 0.3377 0.3717
0.00 3.27 3.46 0.0000 0.3355 0.3685
0.00 3.29 3.49 0.0000 0.3397 0.3695
0.00 3.33 3.54 0.0000 0.3346 0.3657
0.00 3.32 3.46 0.0000 0.3361 0.3680
0.00 3.30 3.45 0.0000 0.3364 0.3685
0.00 3.22 3.46 0.0000 0.3324 0.3664
0.00 3.21 3.56 0.0000 0.3348 0.3678
0.00 3.26 3.52 0.0000 0.3332 0.3667
0.00 3.20 3.46 0.0000 0.3328 0.3651
0.00 3.25 3.46 0.0000 0.3298 0.3608
0.00 3.29 3.48 0.0000 0.3341 0.3677
0.00 3.24 3.49 0.0000 0.3329 0.3665
0.00 3.31 3.46 0.0000 0.3376 0.3730
0.00 3.29 3.48 0.0000 0.3364 0.3720
0.00 3.28 3.50 0.0000 0.3364 0.3715
0.00 3.29 3.55 0.0000 0.3406 0.3766
0.00 3.35 3.48 0.0000 0.3366 0.3702
0.00 3.34 3.53 0.0000 0.3342 0.3686
0.00 3.26 3.51 0.0000 0.3342 0.3684
0.00 3.21 3.50 0.0000 0.3344 0.3656
0.00 3.32 3.48 0.0000 0.3366 0.3697
0.00 3.29 3.53 0.0000 0.3364 0.3681
0.00 3.30 3.53 0.0000 0.3362 0.3713
0.00 3.31 3.51 0.0000 0.3341 0.3659
0.00 3.30 3.55 0.0000 0.3387 0.3721
0.00 3.24 3.50 0.0000 0.3356 0.3712
0.00 3.23 3.50 0.0000 0.3290 0.3647
0.00 3.16 3.46 0.0000 0.3358 0.3699
0.00 3.21 3.49 0.0000 0.3409 0.3757
